v3	V(vo)
-1.500000000000000e+001	1.349623e+001
-1.490000000000000e+001	1.349622e+001
-1.480000000000000e+001	1.349622e+001
-1.470000000000000e+001	1.349621e+001
-1.460000000000000e+001	1.349620e+001
-1.450000000000000e+001	1.349620e+001
-1.440000000000000e+001	1.349619e+001
-1.430000000000000e+001	1.349618e+001
-1.420000000000000e+001	1.349618e+001
-1.410000000000000e+001	1.349617e+001
-1.400000000000000e+001	1.349616e+001
-1.390000000000000e+001	1.349615e+001
-1.380000000000000e+001	1.349615e+001
-1.370000000000001e+001	1.349614e+001
-1.360000000000001e+001	1.349613e+001
-1.350000000000001e+001	1.349613e+001
-1.340000000000001e+001	1.349612e+001
-1.330000000000001e+001	1.349611e+001
-1.320000000000001e+001	1.349611e+001
-1.310000000000001e+001	1.349610e+001
-1.300000000000001e+001	1.349609e+001
-1.290000000000001e+001	1.349609e+001
-1.280000000000001e+001	1.349608e+001
-1.270000000000001e+001	1.349607e+001
-1.260000000000001e+001	1.349607e+001
-1.250000000000001e+001	1.349606e+001
-1.240000000000001e+001	1.349605e+001
-1.230000000000001e+001	1.349605e+001
-1.220000000000001e+001	1.349604e+001
-1.210000000000001e+001	1.349603e+001
-1.200000000000001e+001	1.349603e+001
-1.190000000000001e+001	1.349602e+001
-1.180000000000001e+001	1.349601e+001
-1.170000000000001e+001	1.349600e+001
-1.160000000000001e+001	1.349600e+001
-1.150000000000001e+001	1.349599e+001
-1.140000000000001e+001	1.349598e+001
-1.130000000000001e+001	1.349598e+001
-1.120000000000001e+001	1.349597e+001
-1.110000000000001e+001	1.349596e+001
-1.100000000000001e+001	1.349596e+001
-1.090000000000002e+001	1.349595e+001
-1.080000000000002e+001	1.349594e+001
-1.070000000000002e+001	1.349594e+001
-1.060000000000002e+001	1.349593e+001
-1.050000000000002e+001	1.349592e+001
-1.040000000000002e+001	1.349591e+001
-1.030000000000002e+001	1.349591e+001
-1.020000000000002e+001	1.349590e+001
-1.010000000000002e+001	1.349589e+001
-1.000000000000002e+001	1.349589e+001
-9.900000000000018e+000	1.349588e+001
-9.800000000000019e+000	1.349587e+001
-9.700000000000019e+000	1.349587e+001
-9.600000000000019e+000	1.349586e+001
-9.500000000000020e+000	1.349585e+001
-9.400000000000020e+000	1.349585e+001
-9.300000000000020e+000	1.349584e+001
-9.200000000000021e+000	1.349583e+001
-9.100000000000021e+000	1.349582e+001
-9.000000000000021e+000	1.349582e+001
-8.900000000000022e+000	1.349581e+001
-8.800000000000022e+000	1.349580e+001
-8.700000000000022e+000	1.349580e+001
-8.600000000000023e+000	1.349579e+001
-8.500000000000023e+000	1.349578e+001
-8.400000000000023e+000	1.349578e+001
-8.300000000000024e+000	1.349577e+001
-8.200000000000024e+000	1.349576e+001
-8.100000000000025e+000	1.349576e+001
-8.000000000000025e+000	1.349575e+001
-7.900000000000025e+000	1.349574e+001
-7.800000000000026e+000	1.349574e+001
-7.700000000000026e+000	1.349573e+001
-7.600000000000026e+000	1.349572e+001
-7.500000000000027e+000	1.349571e+001
-7.400000000000027e+000	1.349571e+001
-7.300000000000027e+000	1.349570e+001
-7.200000000000028e+000	1.349569e+001
-7.100000000000028e+000	1.349569e+001
-7.000000000000028e+000	1.349568e+001
-6.900000000000029e+000	1.349567e+001
-6.800000000000029e+000	1.349567e+001
-6.700000000000030e+000	1.349566e+001
-6.600000000000030e+000	1.349565e+001
-6.500000000000030e+000	1.349564e+001
-6.400000000000031e+000	1.349564e+001
-6.300000000000031e+000	1.349563e+001
-6.200000000000031e+000	1.349562e+001
-6.100000000000032e+000	1.349562e+001
-6.000000000000032e+000	1.349561e+001
-5.900000000000032e+000	1.349560e+001
-5.800000000000033e+000	1.349560e+001
-5.700000000000033e+000	1.349559e+001
-5.600000000000033e+000	1.349558e+001
-5.500000000000034e+000	1.349557e+001
-5.400000000000034e+000	1.349557e+001
-5.300000000000035e+000	1.349556e+001
-5.200000000000035e+000	1.349555e+001
-5.100000000000035e+000	1.349555e+001
-5.000000000000036e+000	1.349554e+001
-4.900000000000036e+000	1.349553e+001
-4.800000000000036e+000	1.349553e+001
-4.700000000000037e+000	1.349552e+001
-4.600000000000037e+000	1.349551e+001
-4.500000000000037e+000	1.349550e+001
-4.400000000000038e+000	1.349550e+001
-4.300000000000038e+000	1.349549e+001
-4.200000000000038e+000	1.349548e+001
-4.100000000000039e+000	1.349548e+001
-4.000000000000039e+000	1.349547e+001
-3.900000000000039e+000	1.349546e+001
-3.800000000000039e+000	1.349546e+001
-3.700000000000039e+000	1.349545e+001
-3.600000000000039e+000	1.349544e+001
-3.500000000000039e+000	1.349543e+001
-3.400000000000039e+000	1.349543e+001
-3.300000000000039e+000	1.349542e+001
-3.200000000000038e+000	1.349541e+001
-3.100000000000038e+000	1.349541e+001
-3.000000000000038e+000	1.349540e+001
-2.900000000000038e+000	1.349539e+001
-2.800000000000038e+000	1.349539e+001
-2.700000000000038e+000	1.349538e+001
-2.600000000000038e+000	1.349537e+001
-2.500000000000038e+000	1.349536e+001
-2.400000000000038e+000	1.349536e+001
-2.300000000000038e+000	1.349535e+001
-2.200000000000038e+000	1.349534e+001
-2.100000000000037e+000	1.349534e+001
-2.000000000000037e+000	1.349533e+001
-1.900000000000037e+000	1.349532e+001
-1.800000000000037e+000	1.349528e+001
-1.700000000000037e+000	1.349507e+001
-1.600000000000037e+000	1.349390e+001
-1.500000000000037e+000	1.348803e+001
-1.400000000000037e+000	1.346514e+001
-1.300000000000037e+000	1.299624e+001
-1.200000000000037e+000	1.199645e+001
-1.100000000000037e+000	1.099667e+001
-1.000000000000036e+000	9.996884e+000
-9.000000000000364e-001	8.997102e+000
-8.000000000000365e-001	7.997318e+000
-7.000000000000365e-001	6.997535e+000
-6.000000000000365e-001	5.997752e+000
-5.000000000000365e-001	4.997969e+000
-4.000000000000366e-001	3.998186e+000
-3.000000000000366e-001	2.998403e+000
-2.000000000000366e-001	1.998620e+000
-1.000000000000366e-001	9.988372e-001
-3.655409308578328e-014	-9.457726e-004
9.999999999996345e-002	-1.000729e+000
1.999999999999635e-001	-2.000512e+000
2.999999999999635e-001	-3.000295e+000
3.999999999999635e-001	-4.000078e+000
4.999999999999635e-001	-4.999861e+000
5.999999999999635e-001	-5.999644e+000
6.999999999999634e-001	-6.999427e+000
7.999999999999634e-001	-7.999210e+000
8.999999999999634e-001	-8.998993e+000
9.999999999999634e-001	-9.998775e+000
1.099999999999964e+000	-1.099856e+001
1.199999999999964e+000	-1.199834e+001
1.299999999999964e+000	-1.299813e+001
1.399999999999964e+000	-1.399791e+001
1.499999999999964e+000	-1.491704e+001
1.599999999999964e+000	-1.498053e+001
1.699999999999964e+000	-1.499210e+001
1.799999999999964e+000	-1.499475e+001
1.899999999999964e+000	-1.499530e+001
1.999999999999964e+000	-1.499529e+001
2.099999999999964e+000	-1.499530e+001
2.199999999999964e+000	-1.499530e+001
2.299999999999964e+000	-1.499530e+001
2.399999999999964e+000	-1.499530e+001
2.499999999999965e+000	-1.499530e+001
2.599999999999965e+000	-1.499530e+001
2.699999999999965e+000	-1.499530e+001
2.799999999999965e+000	-1.499530e+001
2.899999999999965e+000	-1.499530e+001
2.999999999999965e+000	-1.499530e+001
3.099999999999965e+000	-1.499530e+001
3.199999999999965e+000	-1.499530e+001
3.299999999999965e+000	-1.499530e+001
3.399999999999965e+000	-1.499530e+001
3.499999999999965e+000	-1.499530e+001
3.599999999999965e+000	-1.499530e+001
3.699999999999966e+000	-1.499530e+001
3.799999999999966e+000	-1.499530e+001
3.899999999999966e+000	-1.499530e+001
3.999999999999966e+000	-1.499530e+001
4.099999999999966e+000	-1.499530e+001
4.199999999999966e+000	-1.499530e+001
4.299999999999965e+000	-1.499530e+001
4.399999999999965e+000	-1.499530e+001
4.499999999999965e+000	-1.499530e+001
4.599999999999964e+000	-1.499530e+001
4.699999999999964e+000	-1.499530e+001
4.799999999999963e+000	-1.499530e+001
4.899999999999963e+000	-1.499530e+001
4.999999999999963e+000	-1.499530e+001
5.099999999999962e+000	-1.499530e+001
5.199999999999962e+000	-1.499530e+001
5.299999999999962e+000	-1.499530e+001
5.399999999999961e+000	-1.499530e+001
5.499999999999961e+000	-1.499530e+001
5.599999999999961e+000	-1.499530e+001
5.699999999999960e+000	-1.499530e+001
5.799999999999960e+000	-1.499530e+001
5.899999999999960e+000	-1.499530e+001
5.999999999999959e+000	-1.499530e+001
6.099999999999959e+000	-1.499530e+001
6.199999999999958e+000	-1.499530e+001
6.299999999999958e+000	-1.499530e+001
6.399999999999958e+000	-1.499530e+001
6.499999999999957e+000	-1.499530e+001
6.599999999999957e+000	-1.499530e+001
6.699999999999957e+000	-1.499530e+001
6.799999999999956e+000	-1.499530e+001
6.899999999999956e+000	-1.499530e+001
6.999999999999956e+000	-1.499530e+001
7.099999999999955e+000	-1.499530e+001
7.199999999999955e+000	-1.499530e+001
7.299999999999955e+000	-1.499530e+001
7.399999999999954e+000	-1.499530e+001
7.499999999999954e+000	-1.499530e+001
7.599999999999954e+000	-1.499530e+001
7.699999999999953e+000	-1.499530e+001
7.799999999999953e+000	-1.499530e+001
7.899999999999952e+000	-1.499530e+001
7.999999999999952e+000	-1.499530e+001
8.099999999999952e+000	-1.499530e+001
8.199999999999951e+000	-1.499530e+001
8.299999999999951e+000	-1.499530e+001
8.399999999999951e+000	-1.499530e+001
8.499999999999950e+000	-1.499530e+001
8.599999999999950e+000	-1.499530e+001
8.699999999999950e+000	-1.499530e+001
8.799999999999949e+000	-1.499530e+001
8.899999999999949e+000	-1.499530e+001
8.999999999999949e+000	-1.499530e+001
9.099999999999948e+000	-1.499530e+001
9.199999999999948e+000	-1.499530e+001
9.299999999999947e+000	-1.499530e+001
9.399999999999947e+000	-1.499530e+001
9.499999999999947e+000	-1.499530e+001
9.599999999999946e+000	-1.499530e+001
9.699999999999946e+000	-1.499530e+001
9.799999999999946e+000	-1.499530e+001
9.899999999999945e+000	-1.499530e+001
9.999999999999945e+000	-1.499530e+001
1.009999999999995e+001	-1.499530e+001
1.019999999999994e+001	-1.499530e+001
1.029999999999994e+001	-1.499530e+001
1.039999999999994e+001	-1.499530e+001
1.049999999999994e+001	-1.499530e+001
1.059999999999994e+001	-1.499530e+001
1.069999999999994e+001	-1.499530e+001
1.079999999999994e+001	-1.499530e+001
1.089999999999994e+001	-1.499530e+001
1.099999999999994e+001	-1.499530e+001
1.109999999999994e+001	-1.499530e+001
1.119999999999994e+001	-1.499530e+001
1.129999999999994e+001	-1.499530e+001
1.139999999999994e+001	-1.499530e+001
1.149999999999994e+001	-1.499530e+001
1.159999999999994e+001	-1.499530e+001
1.169999999999994e+001	-1.499530e+001
1.179999999999994e+001	-1.499530e+001
1.189999999999994e+001	-1.499530e+001
1.199999999999994e+001	-1.499530e+001
1.209999999999994e+001	-1.499530e+001
1.219999999999994e+001	-1.499530e+001
1.229999999999994e+001	-1.499530e+001
1.239999999999994e+001	-1.499530e+001
1.249999999999994e+001	-1.499530e+001
1.259999999999994e+001	-1.499530e+001
1.269999999999994e+001	-1.499530e+001
1.279999999999994e+001	-1.499530e+001
1.289999999999994e+001	-1.499530e+001
1.299999999999993e+001	-1.499530e+001
1.309999999999993e+001	-1.499530e+001
1.319999999999993e+001	-1.499530e+001
1.329999999999993e+001	-1.499530e+001
1.339999999999993e+001	-1.499530e+001
1.349999999999993e+001	-1.499530e+001
1.359999999999993e+001	-1.499530e+001
1.369999999999993e+001	-1.499530e+001
1.379999999999993e+001	-1.499530e+001
1.389999999999993e+001	-1.499530e+001
1.399999999999993e+001	-1.499530e+001
1.409999999999993e+001	-1.499530e+001
1.419999999999993e+001	-1.499530e+001
1.429999999999993e+001	-1.499530e+001
1.439999999999993e+001	-1.499530e+001
1.449999999999993e+001	-1.499530e+001
1.459999999999993e+001	-1.499530e+001
1.469999999999993e+001	-1.499530e+001
1.479999999999993e+001	-1.499530e+001
1.489999999999993e+001	-1.499530e+001
1.500000000000000e+001	-1.499530e+001
