v3	V(vo)
-1.500000000000000e+001	-1.330026e+001
-1.490000000000000e+001	-1.321159e+001
-1.480000000000000e+001	-1.312292e+001
-1.470000000000000e+001	-1.303425e+001
-1.460000000000000e+001	-1.294558e+001
-1.450000000000000e+001	-1.285691e+001
-1.440000000000000e+001	-1.276824e+001
-1.430000000000000e+001	-1.267957e+001
-1.420000000000000e+001	-1.259091e+001
-1.410000000000000e+001	-1.250224e+001
-1.400000000000000e+001	-1.241357e+001
-1.390000000000000e+001	-1.232490e+001
-1.380000000000000e+001	-1.223623e+001
-1.370000000000001e+001	-1.214756e+001
-1.360000000000001e+001	-1.205889e+001
-1.350000000000001e+001	-1.197022e+001
-1.340000000000001e+001	-1.188155e+001
-1.330000000000001e+001	-1.179288e+001
-1.320000000000001e+001	-1.170421e+001
-1.310000000000001e+001	-1.161554e+001
-1.300000000000001e+001	-1.152687e+001
-1.290000000000001e+001	-1.143820e+001
-1.280000000000001e+001	-1.134953e+001
-1.270000000000001e+001	-1.126086e+001
-1.260000000000001e+001	-1.117219e+001
-1.250000000000001e+001	-1.108352e+001
-1.240000000000001e+001	-1.099485e+001
-1.230000000000001e+001	-1.090618e+001
-1.220000000000001e+001	-1.081751e+001
-1.210000000000001e+001	-1.072884e+001
-1.200000000000001e+001	-1.064017e+001
-1.190000000000001e+001	-1.055151e+001
-1.180000000000001e+001	-1.046284e+001
-1.170000000000001e+001	-1.037417e+001
-1.160000000000001e+001	-1.028550e+001
-1.150000000000001e+001	-1.019683e+001
-1.140000000000001e+001	-1.010816e+001
-1.130000000000001e+001	-1.001949e+001
-1.120000000000001e+001	-9.930818e+000
-1.110000000000001e+001	-9.842149e+000
-1.100000000000001e+001	-9.753479e+000
-1.090000000000002e+001	-9.664809e+000
-1.080000000000002e+001	-9.576139e+000
-1.070000000000002e+001	-9.487471e+000
-1.060000000000002e+001	-9.398801e+000
-1.050000000000002e+001	-9.310131e+000
-1.040000000000002e+001	-9.221462e+000
-1.030000000000002e+001	-9.132792e+000
-1.020000000000002e+001	-9.044123e+000
-1.010000000000002e+001	-8.955453e+000
-1.000000000000002e+001	-8.866784e+000
-9.900000000000018e+000	-8.778114e+000
-9.800000000000019e+000	-8.689445e+000
-9.700000000000019e+000	-8.600776e+000
-9.600000000000019e+000	-8.512106e+000
-9.500000000000020e+000	-8.423436e+000
-9.400000000000020e+000	-8.334767e+000
-9.300000000000020e+000	-8.246098e+000
-9.200000000000021e+000	-8.157428e+000
-9.100000000000021e+000	-8.068759e+000
-9.000000000000021e+000	-7.980089e+000
-8.900000000000022e+000	-7.891419e+000
-8.800000000000022e+000	-7.802750e+000
-8.700000000000022e+000	-7.714081e+000
-8.600000000000023e+000	-7.625411e+000
-8.500000000000023e+000	-7.536742e+000
-8.400000000000023e+000	-7.448072e+000
-8.300000000000024e+000	-7.359403e+000
-8.200000000000024e+000	-7.270733e+000
-8.100000000000025e+000	-7.182064e+000
-8.000000000000025e+000	-7.093395e+000
-7.900000000000025e+000	-7.004725e+000
-7.800000000000026e+000	-6.916056e+000
-7.700000000000026e+000	-6.827386e+000
-7.600000000000026e+000	-6.738717e+000
-7.500000000000027e+000	-6.650047e+000
-7.400000000000027e+000	-6.561378e+000
-7.300000000000027e+000	-6.472709e+000
-7.200000000000028e+000	-6.384039e+000
-7.100000000000028e+000	-6.295370e+000
-7.000000000000028e+000	-6.206700e+000
-6.900000000000029e+000	-6.118031e+000
-6.800000000000029e+000	-6.029362e+000
-6.700000000000030e+000	-5.940692e+000
-6.600000000000030e+000	-5.852023e+000
-6.500000000000030e+000	-5.763353e+000
-6.400000000000031e+000	-5.674684e+000
-6.300000000000031e+000	-5.586015e+000
-6.200000000000031e+000	-5.497345e+000
-6.100000000000032e+000	-5.408676e+000
-6.000000000000032e+000	-5.320006e+000
-5.900000000000032e+000	-5.231337e+000
-5.800000000000033e+000	-5.142668e+000
-5.700000000000033e+000	-5.053998e+000
-5.600000000000033e+000	-4.965329e+000
-5.500000000000034e+000	-4.876659e+000
-5.400000000000034e+000	-4.787990e+000
-5.300000000000035e+000	-4.699321e+000
-5.200000000000035e+000	-4.610651e+000
-5.100000000000035e+000	-4.521982e+000
-5.000000000000036e+000	-4.433313e+000
-4.900000000000036e+000	-4.344644e+000
-4.800000000000036e+000	-4.255974e+000
-4.700000000000037e+000	-4.167305e+000
-4.600000000000037e+000	-4.078635e+000
-4.500000000000037e+000	-3.989966e+000
-4.400000000000038e+000	-3.901297e+000
-4.300000000000038e+000	-3.812627e+000
-4.200000000000038e+000	-3.723958e+000
-4.100000000000039e+000	-3.635289e+000
-4.000000000000039e+000	-3.546619e+000
-3.900000000000039e+000	-3.457950e+000
-3.800000000000039e+000	-3.369281e+000
-3.700000000000039e+000	-3.280612e+000
-3.600000000000039e+000	-3.191942e+000
-3.500000000000039e+000	-3.103273e+000
-3.400000000000039e+000	-3.014604e+000
-3.300000000000039e+000	-2.925934e+000
-3.200000000000038e+000	-2.837265e+000
-3.100000000000038e+000	-2.748596e+000
-3.000000000000038e+000	-2.659926e+000
-2.900000000000038e+000	-2.571257e+000
-2.800000000000038e+000	-2.482588e+000
-2.700000000000038e+000	-2.393919e+000
-2.600000000000038e+000	-2.305249e+000
-2.500000000000038e+000	-2.216580e+000
-2.400000000000038e+000	-2.127911e+000
-2.300000000000038e+000	-2.039241e+000
-2.200000000000038e+000	-1.950572e+000
-2.100000000000037e+000	-1.861903e+000
-2.000000000000037e+000	-1.773234e+000
-1.900000000000037e+000	-1.684564e+000
-1.800000000000037e+000	-1.595895e+000
-1.700000000000037e+000	-1.507226e+000
-1.600000000000037e+000	-1.418557e+000
-1.500000000000037e+000	-1.329887e+000
-1.400000000000037e+000	-1.241218e+000
-1.300000000000037e+000	-1.152549e+000
-1.200000000000037e+000	-1.063880e+000
-1.100000000000037e+000	-9.752104e-001
-1.000000000000036e+000	-8.865411e-001
-9.000000000000364e-001	-7.978719e-001
-8.000000000000365e-001	-7.092027e-001
-7.000000000000365e-001	-6.205335e-001
-6.000000000000365e-001	-5.318642e-001
-5.000000000000365e-001	-4.431950e-001
-4.000000000000366e-001	-3.545258e-001
-3.000000000000366e-001	-2.658566e-001
-2.000000000000366e-001	-1.771874e-001
-1.000000000000366e-001	-8.851821e-002
-3.655409308578328e-014	1.509862e-004
9.999999999996345e-002	8.882018e-002
1.999999999999635e-001	1.774894e-001
2.999999999999635e-001	2.661586e-001
3.999999999999635e-001	3.548278e-001
4.999999999999635e-001	4.434969e-001
5.999999999999635e-001	5.321661e-001
6.999999999999634e-001	6.208353e-001
7.999999999999634e-001	7.095045e-001
8.999999999999634e-001	7.981736e-001
9.999999999999634e-001	8.868428e-001
1.099999999999964e+000	9.755120e-001
1.199999999999964e+000	1.064181e+000
1.299999999999964e+000	1.152850e+000
1.399999999999964e+000	1.241519e+000
1.499999999999964e+000	1.330189e+000
1.599999999999964e+000	1.418858e+000
1.699999999999964e+000	1.507527e+000
1.799999999999964e+000	1.596196e+000
1.899999999999964e+000	1.684865e+000
1.999999999999964e+000	1.773534e+000
2.099999999999964e+000	1.862203e+000
2.199999999999964e+000	1.950873e+000
2.299999999999964e+000	2.039542e+000
2.399999999999964e+000	2.128211e+000
2.499999999999965e+000	2.216880e+000
2.599999999999965e+000	2.305549e+000
2.699999999999965e+000	2.394218e+000
2.799999999999965e+000	2.482887e+000
2.899999999999965e+000	2.571556e+000
2.999999999999965e+000	2.660225e+000
3.099999999999965e+000	2.748894e+000
3.199999999999965e+000	2.837564e+000
3.299999999999965e+000	2.926233e+000
3.399999999999965e+000	3.014902e+000
3.499999999999965e+000	3.103571e+000
3.599999999999965e+000	3.192240e+000
3.699999999999966e+000	3.280909e+000
3.799999999999966e+000	3.369578e+000
3.899999999999966e+000	3.458247e+000
3.999999999999966e+000	3.546916e+000
4.099999999999966e+000	3.635585e+000
4.199999999999966e+000	3.724254e+000
4.299999999999965e+000	3.812923e+000
4.399999999999965e+000	3.901592e+000
4.499999999999965e+000	3.990262e+000
4.599999999999964e+000	4.078931e+000
4.699999999999964e+000	4.167600e+000
4.799999999999963e+000	4.256269e+000
4.899999999999963e+000	4.344938e+000
4.999999999999963e+000	4.433607e+000
5.099999999999962e+000	4.522276e+000
5.199999999999962e+000	4.610945e+000
5.299999999999962e+000	4.699614e+000
5.399999999999961e+000	4.788283e+000
5.499999999999961e+000	4.876952e+000
5.599999999999961e+000	4.965621e+000
5.699999999999960e+000	5.054290e+000
5.799999999999960e+000	5.142959e+000
5.899999999999960e+000	5.231628e+000
5.999999999999959e+000	5.320297e+000
6.099999999999959e+000	5.408966e+000
6.199999999999958e+000	5.497635e+000
6.299999999999958e+000	5.586304e+000
6.399999999999958e+000	5.674973e+000
6.499999999999957e+000	5.763642e+000
6.599999999999957e+000	5.852311e+000
6.699999999999957e+000	5.940980e+000
6.799999999999956e+000	6.029649e+000
6.899999999999956e+000	6.118318e+000
6.999999999999956e+000	6.206987e+000
7.099999999999955e+000	6.295656e+000
7.199999999999955e+000	6.384325e+000
7.299999999999955e+000	6.472994e+000
7.399999999999954e+000	6.561663e+000
7.499999999999954e+000	6.650331e+000
7.599999999999954e+000	6.739001e+000
7.699999999999953e+000	6.827670e+000
7.799999999999953e+000	6.916338e+000
7.899999999999952e+000	7.005007e+000
7.999999999999952e+000	7.093676e+000
8.099999999999952e+000	7.182345e+000
8.199999999999951e+000	7.271014e+000
8.299999999999951e+000	7.359683e+000
8.399999999999951e+000	7.448352e+000
8.499999999999950e+000	7.537021e+000
8.599999999999950e+000	7.625690e+000
8.699999999999950e+000	7.714359e+000
8.799999999999949e+000	7.803028e+000
8.899999999999949e+000	7.891696e+000
8.999999999999949e+000	7.980365e+000
9.099999999999948e+000	8.069035e+000
9.199999999999948e+000	8.157703e+000
9.299999999999947e+000	8.246372e+000
9.399999999999947e+000	8.335041e+000
9.499999999999947e+000	8.423710e+000
9.599999999999946e+000	8.512379e+000
9.699999999999946e+000	8.601048e+000
9.799999999999946e+000	8.689716e+000
9.899999999999945e+000	8.778385e+000
9.999999999999945e+000	8.867054e+000
1.009999999999995e+001	8.955723e+000
1.019999999999994e+001	9.044392e+000
1.029999999999994e+001	9.133060e+000
1.039999999999994e+001	9.221729e+000
1.049999999999994e+001	9.310398e+000
1.059999999999994e+001	9.399067e+000
1.069999999999994e+001	9.487736e+000
1.079999999999994e+001	9.576405e+000
1.089999999999994e+001	9.665073e+000
1.099999999999994e+001	9.753742e+000
1.109999999999994e+001	9.842411e+000
1.119999999999994e+001	9.931080e+000
1.129999999999994e+001	1.001975e+001
1.139999999999994e+001	1.010842e+001
1.149999999999994e+001	1.019709e+001
1.159999999999994e+001	1.028576e+001
1.169999999999994e+001	1.037442e+001
1.179999999999994e+001	1.046309e+001
1.189999999999994e+001	1.055176e+001
1.199999999999994e+001	1.064043e+001
1.209999999999994e+001	1.072910e+001
1.219999999999994e+001	1.081777e+001
1.229999999999994e+001	1.090644e+001
1.239999999999994e+001	1.099511e+001
1.249999999999994e+001	1.108377e+001
1.259999999999994e+001	1.117244e+001
1.269999999999994e+001	1.126111e+001
1.279999999999994e+001	1.134978e+001
1.289999999999994e+001	1.143845e+001
1.299999999999993e+001	1.152712e+001
1.309999999999993e+001	1.161579e+001
1.319999999999993e+001	1.170446e+001
1.329999999999993e+001	1.179313e+001
1.339999999999993e+001	1.188179e+001
1.349999999999993e+001	1.197046e+001
1.359999999999993e+001	1.205913e+001
1.369999999999993e+001	1.214780e+001
1.379999999999993e+001	1.223647e+001
1.389999999999993e+001	1.232514e+001
1.399999999999993e+001	1.241381e+001
1.409999999999993e+001	1.250247e+001
1.419999999999993e+001	1.259114e+001
1.429999999999993e+001	1.267981e+001
1.439999999999993e+001	1.276848e+001
1.449999999999993e+001	1.285715e+001
1.459999999999993e+001	1.294582e+001
1.469999999999993e+001	1.303449e+001
1.479999999999993e+001	1.312316e+001
1.489999999999993e+001	1.321182e+001
1.500000000000000e+001	1.330044e+001
