0.0000000000010000
0.0000000000012000
0.0000000000022000
0.0000000000033000
0.0000000000047000
0.0000000000056000
0.0000000000067000
0.0000000000082000
0.0000000000100000
0.0000000000120000
0.0000000000220000
0.0000000000330000
0.0000000000470000
0.0000000000560000
0.0000000000670000
0.0000000000820000
0.0000000001000000
0.0000000001200000
0.0000000002200000
0.0000000003300000
0.0000000004700000
0.0000000005600000
0.0000000006700000
0.0000000008200000
0.0000000010000000
0.0000000012000000
0.0000000022000000
0.0000000033000000
0.0000000047000000
0.0000000056000000
0.0000000067000000
0.0000000082000000
0.0000000100000000
0.0000000120000000
0.0000000220000000
0.0000000330000000
0.0000000470000000
0.0000000560000000
0.0000000670000000
0.0000000820000000
0.0000001000000000
0.0000001200000000
0.0000002200000000
0.0000003300000000
0.0000004700000000
0.0000005600000000
0.0000006700000000
0.0000008200000000
0.0000010000000000
0.0000012000000000
0.0000022000000000
0.0000033000000000
0.0000047000000000
0.0000056000000000
0.0000067000000000
0.0000082000000000
0.0000100000000000
0.0000120000000000
0.0000220000000000
0.0000330000000000
0.0000470000000000
0.0000560000000000
0.0000670000000000
0.0000820000000000
0.0001000000000000
0.0001200000000000
0.0002200000000000
0.0003300000000000
0.0004700000000000
0.0005600000000000
0.0006700000000000
0.0008200000000000
0.0010000000000000
0.0012000000000000
0.0022000000000000
0.0033000000000000
0.0047000000000000
0.0056000000000000
0.0067000000000000
0.0082000000000000
0.0100000000000000
0.0120000000000000
0.0220000000000000
0.0330000000000000
0.0470000000000000
0.0560000000000000
0.0670000000000000
0.0820000000000000
0.1000000000000000
0.1200000000000000
0.2200000000000000
0.3300000000000000
0.4700000000000000
0.5599999999999999
0.6700000000000000
0.8200000000000000
