0.1000
0.1200
0.1500
0.1800
0.2200
0.2700
0.3300
0.3900
0.4700
0.5100
0.5600
0.6800
0.8200
1.0000
1.2000
1.5000
1.8000
2.2000
2.7000
3.3000
3.9000
4.7000
5.1000
5.6000
6.8000
8.2000
10.0000
12.0000
15.0000
18.0000
22.0000
27.0000
33.0000
39.0000
47.0000
51.0000
56.0000
68.0000
82.0000
100.0000
120.0000
150.0000
180.0000
220.0000
270.0000
330.0000
390.0000
470.0000
510.0000
560.0000
680.0000
820.0000
1000.0000
1200.0000
1500.0000
1800.0000
2200.0000
2700.0000
3300.0000
3900.0000
4700.0000
5100.0000
5600.0000
6800.0000
8200.0000
10000.0000
12000.0000
15000.0000
18000.0000
22000.0000
27000.0000
33000.0000
39000.0000
47000.0000
51000.0000
56000.0000
68000.0000
82000.0000
100000.0000
120000.0000
150000.0000
180000.0000
220000.0000
270000.0000
330000.0000
390000.0000
470000.0000
510000.0000
560000.0000
680000.0000
820000.0000
1000000.0000
1200000.0000
1500000.0000
1800000.0000
2200000.0000
2700000.0000
3300000.0000
3900000.0000
4700000.0000
5100000.0000
5600000.0000
6800000.0000
8200000.0000
