v3	V(vo)
-1.500000000000000e+001	-1.499662e+001
-1.490000000000000e+001	-1.499661e+001
-1.480000000000000e+001	-1.499660e+001
-1.470000000000000e+001	-1.499659e+001
-1.460000000000000e+001	-1.499658e+001
-1.450000000000000e+001	-1.499657e+001
-1.440000000000000e+001	-1.499656e+001
-1.430000000000000e+001	-1.499656e+001
-1.420000000000000e+001	-1.499655e+001
-1.410000000000000e+001	-1.499654e+001
-1.400000000000000e+001	-1.499653e+001
-1.390000000000000e+001	-1.499652e+001
-1.380000000000000e+001	-1.499651e+001
-1.370000000000001e+001	-1.499650e+001
-1.360000000000001e+001	-1.499650e+001
-1.350000000000001e+001	-1.499649e+001
-1.340000000000001e+001	-1.499648e+001
-1.330000000000001e+001	-1.499647e+001
-1.320000000000001e+001	-1.499646e+001
-1.310000000000001e+001	-1.499645e+001
-1.300000000000001e+001	-1.499644e+001
-1.290000000000001e+001	-1.499644e+001
-1.280000000000001e+001	-1.499643e+001
-1.270000000000001e+001	-1.499642e+001
-1.260000000000001e+001	-1.499641e+001
-1.250000000000001e+001	-1.499640e+001
-1.240000000000001e+001	-1.499639e+001
-1.230000000000001e+001	-1.499638e+001
-1.220000000000001e+001	-1.499638e+001
-1.210000000000001e+001	-1.499637e+001
-1.200000000000001e+001	-1.499636e+001
-1.190000000000001e+001	-1.499635e+001
-1.180000000000001e+001	-1.499634e+001
-1.170000000000001e+001	-1.499633e+001
-1.160000000000001e+001	-1.499632e+001
-1.150000000000001e+001	-1.499632e+001
-1.140000000000001e+001	-1.499631e+001
-1.130000000000001e+001	-1.499630e+001
-1.120000000000001e+001	-1.499629e+001
-1.110000000000001e+001	-1.499628e+001
-1.100000000000001e+001	-1.499627e+001
-1.090000000000002e+001	-1.499626e+001
-1.080000000000002e+001	-1.499625e+001
-1.070000000000002e+001	-1.499625e+001
-1.060000000000002e+001	-1.499624e+001
-1.050000000000002e+001	-1.499623e+001
-1.040000000000002e+001	-1.499622e+001
-1.030000000000002e+001	-1.499621e+001
-1.020000000000002e+001	-1.499620e+001
-1.010000000000002e+001	-1.499619e+001
-1.000000000000002e+001	-1.499619e+001
-9.900000000000018e+000	-1.499618e+001
-9.800000000000019e+000	-1.499617e+001
-9.700000000000019e+000	-1.499616e+001
-9.600000000000019e+000	-1.499615e+001
-9.500000000000020e+000	-1.499614e+001
-9.400000000000020e+000	-1.499613e+001
-9.300000000000020e+000	-1.499612e+001
-9.200000000000021e+000	-1.499612e+001
-9.100000000000021e+000	-1.499611e+001
-9.000000000000021e+000	-1.499610e+001
-8.900000000000022e+000	-1.499609e+001
-8.800000000000022e+000	-1.499608e+001
-8.700000000000022e+000	-1.499607e+001
-8.600000000000023e+000	-1.499606e+001
-8.500000000000023e+000	-1.499605e+001
-8.400000000000023e+000	-1.499605e+001
-8.300000000000024e+000	-1.499604e+001
-8.200000000000024e+000	-1.499603e+001
-8.100000000000025e+000	-1.499602e+001
-8.000000000000025e+000	-1.499601e+001
-7.900000000000025e+000	-1.499600e+001
-7.800000000000026e+000	-1.499599e+001
-7.700000000000026e+000	-1.499599e+001
-7.600000000000026e+000	-1.499598e+001
-7.500000000000027e+000	-1.499597e+001
-7.400000000000027e+000	-1.499596e+001
-7.300000000000027e+000	-1.499595e+001
-7.200000000000028e+000	-1.499594e+001
-7.100000000000028e+000	-1.499593e+001
-7.000000000000028e+000	-1.499592e+001
-6.900000000000029e+000	-1.499591e+001
-6.800000000000029e+000	-1.499591e+001
-6.700000000000030e+000	-1.499590e+001
-6.600000000000030e+000	-1.499589e+001
-6.500000000000030e+000	-1.499588e+001
-6.400000000000031e+000	-1.499587e+001
-6.300000000000031e+000	-1.499586e+001
-6.200000000000031e+000	-1.499585e+001
-6.100000000000032e+000	-1.499584e+001
-6.000000000000032e+000	-1.499584e+001
-5.900000000000032e+000	-1.499583e+001
-5.800000000000033e+000	-1.499582e+001
-5.700000000000033e+000	-1.499581e+001
-5.600000000000033e+000	-1.499580e+001
-5.500000000000034e+000	-1.499579e+001
-5.400000000000034e+000	-1.499578e+001
-5.300000000000035e+000	-1.499577e+001
-5.200000000000035e+000	-1.499576e+001
-5.100000000000035e+000	-1.499576e+001
-5.000000000000036e+000	-1.499575e+001
-4.900000000000036e+000	-1.499574e+001
-4.800000000000036e+000	-1.499573e+001
-4.700000000000037e+000	-1.499572e+001
-4.600000000000037e+000	-1.499571e+001
-4.500000000000037e+000	-1.499570e+001
-4.400000000000038e+000	-1.499569e+001
-4.300000000000038e+000	-1.499569e+001
-4.200000000000038e+000	-1.499568e+001
-4.100000000000039e+000	-1.499567e+001
-4.000000000000039e+000	-1.499566e+001
-3.900000000000039e+000	-1.499565e+001
-3.800000000000039e+000	-1.499564e+001
-3.700000000000039e+000	-1.499563e+001
-3.600000000000039e+000	-1.499562e+001
-3.500000000000039e+000	-1.499561e+001
-3.400000000000039e+000	-1.499561e+001
-3.300000000000039e+000	-1.499560e+001
-3.200000000000038e+000	-1.499559e+001
-3.100000000000038e+000	-1.499558e+001
-3.000000000000038e+000	-1.499557e+001
-2.900000000000038e+000	-1.499556e+001
-2.800000000000038e+000	-1.499555e+001
-2.700000000000038e+000	-1.499554e+001
-2.600000000000038e+000	-1.499553e+001
-2.500000000000038e+000	-1.499553e+001
-2.400000000000038e+000	-1.499552e+001
-2.300000000000038e+000	-1.499551e+001
-2.200000000000038e+000	-1.499550e+001
-2.100000000000037e+000	-1.499549e+001
-2.000000000000037e+000	-1.499547e+001
-1.900000000000037e+000	-1.499525e+001
-1.800000000000037e+000	-1.499117e+001
-1.700000000000037e+000	-1.494551e+001
-1.600000000000037e+000	-1.418619e+001
-1.500000000000037e+000	-1.329944e+001
-1.400000000000037e+000	-1.241283e+001
-1.300000000000037e+000	-1.152623e+001
-1.200000000000037e+000	-1.063963e+001
-1.100000000000037e+000	-9.753025e+000
-1.000000000000036e+000	-8.866422e+000
-9.000000000000364e-001	-7.979819e+000
-8.000000000000365e-001	-7.093216e+000
-7.000000000000365e-001	-6.206614e+000
-6.000000000000365e-001	-5.320011e+000
-5.000000000000365e-001	-4.433409e+000
-4.000000000000366e-001	-3.546806e+000
-3.000000000000366e-001	-2.660204e+000
-2.000000000000366e-001	-1.773602e+000
-1.000000000000366e-001	-8.869995e-001
-3.655409308578328e-014	-3.974471e-004
9.999999999996345e-002	8.862045e-001
1.999999999999635e-001	1.772807e+000
2.999999999999635e-001	2.659408e+000
3.999999999999635e-001	3.546010e+000
4.999999999999635e-001	4.432612e+000
5.999999999999635e-001	5.319213e+000
6.999999999999634e-001	6.205815e+000
7.999999999999634e-001	7.092416e+000
8.999999999999634e-001	7.979018e+000
9.999999999999634e-001	8.865619e+000
1.099999999999964e+000	9.752220e+000
1.199999999999964e+000	1.063882e+001
1.299999999999964e+000	1.152542e+001
1.399999999999964e+000	1.241202e+001
1.499999999999964e+000	1.329819e+001
1.599999999999964e+000	1.348594e+001
1.699999999999964e+000	1.349460e+001
1.799999999999964e+000	1.349510e+001
1.899999999999964e+000	1.349510e+001
1.999999999999964e+000	1.349510e+001
2.099999999999964e+000	1.349510e+001
2.199999999999964e+000	1.349510e+001
2.299999999999964e+000	1.349510e+001
2.399999999999964e+000	1.349510e+001
2.499999999999965e+000	1.349510e+001
2.599999999999965e+000	1.349510e+001
2.699999999999965e+000	1.349510e+001
2.799999999999965e+000	1.349510e+001
2.899999999999965e+000	1.349510e+001
2.999999999999965e+000	1.349510e+001
3.099999999999965e+000	1.349510e+001
3.199999999999965e+000	1.349510e+001
3.299999999999965e+000	1.349510e+001
3.399999999999965e+000	1.349510e+001
3.499999999999965e+000	1.349510e+001
3.599999999999965e+000	1.349510e+001
3.699999999999966e+000	1.349510e+001
3.799999999999966e+000	1.349510e+001
3.899999999999966e+000	1.349510e+001
3.999999999999966e+000	1.349510e+001
4.099999999999966e+000	1.349510e+001
4.199999999999966e+000	1.349510e+001
4.299999999999965e+000	1.349510e+001
4.399999999999965e+000	1.349510e+001
4.499999999999965e+000	1.349510e+001
4.599999999999964e+000	1.349510e+001
4.699999999999964e+000	1.349510e+001
4.799999999999963e+000	1.349510e+001
4.899999999999963e+000	1.349510e+001
4.999999999999963e+000	1.349510e+001
5.099999999999962e+000	1.349510e+001
5.199999999999962e+000	1.349510e+001
5.299999999999962e+000	1.349510e+001
5.399999999999961e+000	1.349510e+001
5.499999999999961e+000	1.349510e+001
5.599999999999961e+000	1.349510e+001
5.699999999999960e+000	1.349510e+001
5.799999999999960e+000	1.349510e+001
5.899999999999960e+000	1.349510e+001
5.999999999999959e+000	1.349510e+001
6.099999999999959e+000	1.349510e+001
6.199999999999958e+000	1.349510e+001
6.299999999999958e+000	1.349510e+001
6.399999999999958e+000	1.349510e+001
6.499999999999957e+000	1.349510e+001
6.599999999999957e+000	1.349510e+001
6.699999999999957e+000	1.349510e+001
6.799999999999956e+000	1.349510e+001
6.899999999999956e+000	1.349510e+001
6.999999999999956e+000	1.349510e+001
7.099999999999955e+000	1.349510e+001
7.199999999999955e+000	1.349510e+001
7.299999999999955e+000	1.349510e+001
7.399999999999954e+000	1.349510e+001
7.499999999999954e+000	1.349510e+001
7.599999999999954e+000	1.349510e+001
7.699999999999953e+000	1.349510e+001
7.799999999999953e+000	1.349510e+001
7.899999999999952e+000	1.349510e+001
7.999999999999952e+000	1.349510e+001
8.099999999999952e+000	1.349510e+001
8.199999999999951e+000	1.349510e+001
8.299999999999951e+000	1.349510e+001
8.399999999999951e+000	1.349510e+001
8.499999999999950e+000	1.349510e+001
8.599999999999950e+000	1.349510e+001
8.699999999999950e+000	1.349510e+001
8.799999999999949e+000	1.349510e+001
8.899999999999949e+000	1.349510e+001
8.999999999999949e+000	1.349510e+001
9.099999999999948e+000	1.349510e+001
9.199999999999948e+000	1.349510e+001
9.299999999999947e+000	1.349510e+001
9.399999999999947e+000	1.349510e+001
9.499999999999947e+000	1.349510e+001
9.599999999999946e+000	1.349510e+001
9.699999999999946e+000	1.349510e+001
9.799999999999946e+000	1.349510e+001
9.899999999999945e+000	1.349510e+001
9.999999999999945e+000	1.349510e+001
1.009999999999995e+001	1.349510e+001
1.019999999999994e+001	1.349510e+001
1.029999999999994e+001	1.349510e+001
1.039999999999994e+001	1.349510e+001
1.049999999999994e+001	1.349510e+001
1.059999999999994e+001	1.349510e+001
1.069999999999994e+001	1.349510e+001
1.079999999999994e+001	1.349510e+001
1.089999999999994e+001	1.349510e+001
1.099999999999994e+001	1.349510e+001
1.109999999999994e+001	1.349510e+001
1.119999999999994e+001	1.349510e+001
1.129999999999994e+001	1.349510e+001
1.139999999999994e+001	1.349510e+001
1.149999999999994e+001	1.349510e+001
1.159999999999994e+001	1.349510e+001
1.169999999999994e+001	1.349510e+001
1.179999999999994e+001	1.349510e+001
1.189999999999994e+001	1.349510e+001
1.199999999999994e+001	1.349510e+001
1.209999999999994e+001	1.349510e+001
1.219999999999994e+001	1.349510e+001
1.229999999999994e+001	1.349510e+001
1.239999999999994e+001	1.349510e+001
1.249999999999994e+001	1.349510e+001
1.259999999999994e+001	1.349510e+001
1.269999999999994e+001	1.349510e+001
1.279999999999994e+001	1.349510e+001
1.289999999999994e+001	1.349510e+001
1.299999999999993e+001	1.349510e+001
1.309999999999993e+001	1.349510e+001
1.319999999999993e+001	1.349510e+001
1.329999999999993e+001	1.349510e+001
1.339999999999993e+001	1.349510e+001
1.349999999999993e+001	1.349510e+001
1.359999999999993e+001	1.349510e+001
1.369999999999993e+001	1.349510e+001
1.379999999999993e+001	1.349510e+001
1.389999999999993e+001	1.349510e+001
1.399999999999993e+001	1.349510e+001
1.409999999999993e+001	1.349510e+001
1.419999999999993e+001	1.349510e+001
1.429999999999993e+001	1.349510e+001
1.439999999999993e+001	1.349510e+001
1.449999999999993e+001	1.349510e+001
1.459999999999993e+001	1.349510e+001
1.469999999999993e+001	1.349510e+001
1.479999999999993e+001	1.349510e+001
1.489999999999993e+001	1.349510e+001
1.500000000000000e+001	1.349510e+001
