Freq.	(V(v1)/I(R2))-100
1.00000000000000e+001	-1.10759444282849e-007,9.80127149943938e-007
1.02329299228075e+001	-1.16001430683355e-007,1.00295412417406e-006
1.04712854805090e+001	-1.21490472793084e-007,1.02631258357374e-006
1.07151930523761e+001	-1.27238251934614e-007,1.05021489184762e-006
1.09647819614319e+001	-1.33256861545306e-007,1.07467370016753e-006
1.12201845430196e+001	-1.39559261924660e-007,1.09970195381831e-006
1.14815362149688e+001	-1.46158640745853e-007,1.12531289566517e-006
1.17489755493953e+001	-1.53069038333342e-007,1.15152007704593e-006
1.20226443461741e+001	-1.60305120289195e-007,1.17833736513564e-006
1.23026877081238e+001	-1.67882234336503e-007,1.20577894630710e-006
1.25892541179417e+001	-1.75816580849641e-007,1.23385933631576e-006
1.28824955169313e+001	-1.84124800739482e-007,1.26259338720244e-006
1.31825673855641e+001	-1.92824614941856e-007,1.29199629503472e-006
1.34896288259165e+001	-2.01934511778745e-007,1.32208360671047e-006
1.38038426460288e+001	-2.11473775380000e-007,1.35287123127623e-006
1.41253754462275e+001	-2.21462627791880e-007,1.38437544437772e-006
1.44543977074593e+001	-2.31922257398764e-007,1.41661289792458e-006
1.47910838816821e+001	-2.42874961031703e-007,1.44960062974083e-006
1.51356124843621e+001	-2.54343859751316e-007,1.48335607071773e-006
1.54881661891248e+001	-2.66353310962586e-007,1.51789705513571e-006
1.58489319246111e+001	-2.78928808938872e-007,1.55324182779950e-006
1.62181009735893e+001	-2.92097070087038e-007,1.58940905916373e-006
1.65958690743756e+001	-3.05886061369165e-007,1.62641784452990e-006
1.69824365246174e+001	-3.20324915037418e-007,1.66428772374177e-006
1.73780082874937e+001	-3.35444383381400e-007,1.70303868679270e-006
1.77827941003892e+001	-3.51276526089350e-007,1.74269118310293e-006
1.81970085860998e+001	-3.67854894989250e-007,1.78326613446490e-006
1.86208713666287e+001	-3.85214718789939e-007,1.82478494304621e-006
1.90546071796325e+001	-4.03392860448548e-007,1.86726950585150e-006
1.94984459975804e+001	-4.22427845592210e-007,1.91074222038595e-006
1.99526231496888e+001	-4.42360018837462e-007,1.95522600259310e-006
2.04173794466953e+001	-4.63231799585628e-007,2.00074429289937e-006
2.08929613085404e+001	-4.85087397805728e-007,2.04732106834275e-006
2.13796208950223e+001	-5.07973240360116e-007,2.09498085899497e-006
2.18776162394955e+001	-5.31937971004481e-007,2.14374875486455e-006
2.23872113856834e+001	-5.57032336701013e-007,2.19365042341535e-006
2.29086765276777e+001	-5.83309628154893e-007,2.24471211563068e-006
2.34422881531992e+001	-6.10825637181733e-007,2.29696068701651e-006
2.39883291901949e+001	-6.39638784605268e-007,2.35042360433125e-006
2.45470891568503e+001	-6.69810262365900e-007,2.40512895984646e-006
2.51188643150958e+001	-7.01404090364122e-007,2.46110549246520e-006
2.57039578276886e+001	-7.34487329623335e-007,2.51838258967201e-006
2.63026799189538e+001	-7.69130238609250e-007,2.57699030924439e-006
2.69153480392691e+001	-8.05406344284165e-007,2.63695939406126e-006
2.75422870333816e+001	-8.43392697902345e-007,2.69832128557352e-006
2.81838293126445e+001	-8.83169917642590e-007,2.76110813332372e-006
2.88403150312660e+001	-9.24822543879600e-007,2.82535281862374e-006
2.95120922666638e+001	-9.68438911286285e-007,2.89108897098776e-006
3.01995172040201e+001	-1.01411185937650e-006,2.95835097365942e-006
3.09029543251359e+001	-1.06193809301658e-006,3.02717398273240e-006
3.16227766016838e+001	-1.11201944719141e-006,3.09759395161037e-006
3.23593656929628e+001	-1.16446211961829e-006,3.16964764325192e-006
3.31131121482591e+001	-1.21937762287416e-006,3.24337264007360e-006
3.38844156139202e+001	-1.27688259965453e-006,3.31880737072548e-006
3.46736850452531e+001	-1.33709920646652e-006,3.39599111992527e-006
3.54813389233575e+001	-1.40015534100257e-006,3.47496405088934e-006
3.63078054770101e+001	-1.46618505425522e-006,3.55576722181638e-006
3.71535229097172e+001	-1.53532856472793e-006,3.63844260516689e-006
3.80189396320561e+001	-1.60773295476702e-006,3.72303309479006e-006
3.89045144994280e+001	-1.68355197160963e-006,3.80958254568780e-006
3.98107170553497e+001	-1.76294689424594e-006,3.89813577318811e-006
4.07380277804112e+001	-1.84608639131056e-006,3.98873857371521e-006
4.16869383470335e+001	-1.93314727425786e-006,4.08143776088150e-006
4.26579518801592e+001	-2.02431465368136e-006,4.17628116374356e-006
4.36515832240165e+001	-2.11978236563937e-006,4.27331765607299e-006
4.46683592150962e+001	-2.21975348324577e-006,4.37259717063736e-006
4.57088189614874e+001	-2.32444062930881e-006,4.47417073128357e-006
4.67735141287197e+001	-2.43406641686761e-006,4.57809045034962e-006
4.78630092322638e+001	-2.54886421657829e-006,4.68440956727693e-006
4.89778819368445e+001	-2.66907819934659e-006,4.79318246515679e-006
5.01187233627271e+001	-2.79496427424419e-006,4.90446467647401e-006
5.12861383991364e+001	-2.92679035851506e-006,5.01831292174469e-006
5.24807460249772e+001	-3.06483713075068e-006,5.13478511082699e-006
5.37031796370252e+001	-3.20939837195056e-006,5.25394038415349e-006
5.49540873857624e+001	-3.36078204554724e-006,5.37583910089130e-006
5.62341325190348e+001	-3.51931063846678e-006,5.50054288993695e-006
5.75439937337156e+001	-3.68532177219549e-006,5.62811464491615e-006
5.88843655355588e+001	-3.85916929701580e-006,5.75861855445961e-006
6.02559586074357e+001	-4.04122371833182e-006,5.89212012436079e-006
6.16595001861481e+001	-4.23187304932071e-006,6.02868617550892e-006
6.30957344480192e+001	-4.43152387674672e-006,6.16838487736787e-006
6.45654229034654e+001	-4.64060195781713e-006,6.31128576938357e-006
6.60693448007595e+001	-4.85955339968314e-006,6.45745975139863e-006
6.76082975391980e+001	-5.08884538419352e-006,6.60697912762234e-006
6.91830970918935e+001	-5.32896739002808e-006,6.75991760393385e-006
7.07945784384136e+001	-5.58043207377068e-006,6.91635030268898e-006
7.24435960074988e+001	-5.84377644941014e-006,7.07635377737435e-006
7.41310241300916e+001	-6.11956339469089e-006,7.24000603837315e-006
7.58577575029182e+001	-6.40838204901684e-006,7.40738652351262e-006
7.76247116628690e+001	-6.71085001613392e-006,7.57857615196726e-006
7.94328234724279e+001	-7.02761433046817e-006,7.75365729948396e-006
8.12830516164097e+001	-7.35935259399412e-006,7.93271382016838e-006
8.31763771102669e+001	-7.70677493733274e-006,8.11583104011059e-006
8.51138038202374e+001	-8.07062541241521e-006,8.30309576924155e-006
8.70963589956078e+001	-8.45168349883352e-006,8.49459628432214e-006
8.91250938133743e+001	-8.85076588019729e-006,8.69042235305762e-006
9.12010839355907e+001	-9.26872840523174e-006,8.89066518203946e-006
9.33254300796988e+001	-9.70646780729112e-006,9.09541746830541e-006
9.54992586021433e+001	-1.01649238075652e-005,9.30477333289015e-006
9.77237220955808e+001	-1.06450811188097e-005,9.51882835084331e-006
9.99999999999997e+001	-1.11479716906615e-005,9.73767949320399e-006
1.02329299228075e+002	-1.16746768981102e-005,9.96142512329527e-006
1.04712854805090e+002	-1.22263302273495e-005,1.01901649833377e-005
1.07151930523760e+002	-1.28041195921469e-005,1.04240001389580e-005
1.09647819614318e+002	-1.34092899060079e-005,1.06630329588854e-005
1.12201845430196e+002	-1.40431462938295e-005,1.09073670655209e-005
1.14815362149688e+002	-1.47070566214325e-005,1.11571072976871e-005
1.17489755493953e+002	-1.54024549061660e-005,1.14123596487909e-005
1.20226443461741e+002	-1.61308443153985e-005,1.16732312120169e-005
1.23026877081238e+002	-1.68938007760744e-005,1.19398301238766e-005
1.25892541179416e+002	-1.76929766411149e-005,1.22122654743444e-005
1.28824955169313e+002	-1.85301042137098e-005,1.24906472552712e-005
1.31825673855640e+002	-1.94070000674174e-005,1.27750862392768e-005
1.34896288259165e+002	-2.03255689683601e-005,1.30656938946776e-005
1.38038426460288e+002	-2.12878084369095e-005,1.33625822854831e-005
1.41253754462275e+002	-2.22958135509543e-005,1.36658639716025e-005
1.44543977074592e+002	-2.33517815217965e-005,1.39756518478965e-005
1.47910838816820e+002	-2.44580170942754e-005,1.42920590363136e-005
1.51356124843620e+002	-2.56169380179472e-005,1.46151987340620e-005
1.54881661891248e+002	-2.68310806603722e-005,1.49451840349135e-005
1.58489319246111e+002	-2.81031061604153e-005,1.52821277918755e-005
1.62181009735892e+002	-2.94358067662870e-005,1.56261423997532e-005
1.65958690743755e+002	-3.08321125714883e-005,1.59773396381807e-005
1.69824365246174e+002	-3.22950987339254e-005,1.63358304208892e-005
1.73780082874937e+002	-3.38279927802887e-005,1.67017245964908e-005
1.77827941003892e+002	-3.54341826778182e-005,1.70751306763836e-005
1.81970085860998e+002	-3.71172253323948e-005,1.74561556303419e-005
1.86208713666286e+002	-3.88808550866315e-005,1.78449045850367e-005
1.90546071796324e+002	-4.07289932837784e-005,1.82414805428794e-005
1.94984459975804e+002	-4.26657584000623e-005,1.86459840969557e-005
1.99526231496887e+002	-4.46954760917606e-005,1.90585130865698e-005
2.04173794466952e+002	-4.68226905070424e-005,1.94791622621418e-005
2.08929613085403e+002	-4.90521758536033e-005,1.99080230368128e-005
2.13796208950222e+002	-5.13889493731767e-005,2.03451829932253e-005
2.18776162394954e+002	-5.38382835344464e-005,2.07907255843051e-005
2.23872113856833e+002	-5.64057210965530e-005,2.12447297834704e-005
2.29086765276776e+002	-5.90970891494180e-005,2.17072696311593e-005
2.34422881531991e+002	-6.19185151577994e-005,2.21784138728010e-005
2.39883291901948e+002	-6.48764437443106e-005,2.26582255571530e-005
2.45470891568502e+002	-6.79776542682475e-005,2.31467616479410e-005
2.51188643150957e+002	-7.12292798255021e-005,2.36440726386693e-005
2.57039578276885e+002	-7.46388273284992e-005,2.41502021507547e-005
2.63026799189537e+002	-7.82141988935336e-005,2.46651866165563e-005
2.69153480392690e+002	-8.19637144644503e-005,2.51890548999659e-005
2.75422870333816e+002	-8.58961364826882e-005,2.57218280519225e-005
2.81838293126444e+002	-9.00206952820781e-005,2.62635190131476e-005
2.88403150312659e+002	-9.43471170415933e-005,2.68141325009600e-005
2.95120922666637e+002	-9.88856533012950e-005,2.73736648939742e-005
3.01995172040200e+002	-1.03647112197791e-004,2.79421041841317e-005
3.09029543251358e+002	-1.08642892627131e-004,2.85194301710527e-005
3.16227766016837e+002	-1.13885019771942e-004,2.91056147025619e-005
3.23593656929627e+002	-1.19386184437076e-004,2.97006221637763e-005
3.31131121482590e+002	-1.25159783763706e-004,3.03044101461641e-005
3.38844156139201e+002	-1.31219966291951e-004,3.09169303934340e-005
3.46736850452530e+002	-1.37581679084064e-004,3.15381300829234e-005
3.54813389233574e+002	-1.44260719551426e-004,3.21679534607451e-005
3.63078054770100e+002	-1.51273789981587e-004,3.28063439297783e-005
3.71535229097171e+002	-1.58638557394397e-004,3.34532466417377e-005
3.80189396320559e+002	-1.66373717064516e-004,3.41086117914687e-005
3.89045144994279e+002	-1.74499061529332e-004,3.47723985552523e-005
3.98107170553495e+002	-1.83035554897515e-004,3.54445799032445e-005
4.07380277804111e+002	-1.92005413310881e-004,3.61251485067165e-005
4.16869383470333e+002	-2.01432191431650e-004,3.68141237182300e-005
4.26579518801591e+002	-2.11340876575150e-004,3.75115600153534e-005
4.36515832240164e+002	-2.21757990459537e-004,3.82175570869458e-005
4.46683592150961e+002	-2.32711699680976e-004,3.89322718481935e-005
4.57088189614873e+002	-2.44231935027983e-004,3.96559324983325e-005
4.67735141287196e+002	-2.56350522249704e-004,4.03888555796577e-005
4.78630092322636e+002	-2.69101323084442e-004,4.11314656822479e-005
4.89778819368444e+002	-2.82520389419005e-004,4.18843190465431e-005
5.01187233627270e+002	-2.96646131630496e-004,4.26481312088229e-005
5.12861383991362e+002	-3.11519501408952e-004,4.34238095989716e-005
5.24807460249770e+002	-3.27184192158825e-004,4.42124919666166e-005
5.37031796370250e+002	-3.43686857902981e-004,4.50155913885250e-005
5.49540873857622e+002	-3.61077352820871e-004,4.58348492843901e-005
5.62341325190346e+002	-3.79408994035657e-004,4.66723978885263e-005
5.75439937337154e+002	-3.98738849710867e-004,4.75308331784311e-005
5.88843655355586e+002	-4.19128055355600e-004,4.84133010249376e-005
6.02559586074355e+002	-4.40642162075733e-004,4.93235981896880e-005
6.16595001861479e+002	-4.63351519840671e-004,5.02662910890861e-005
6.30957344480190e+002	-4.87331699048354e-004,5.12468553402559e-005
6.45654229034652e+002	-5.12663957167092e-004,5.22718401362111e-005
6.60693448007592e+002	-5.39435752699546e-004,5.33490617445321e-005
6.76082975391978e+002	-5.67741314256409e-004,5.44878310633144e-005
6.91830970918933e+002	-5.97682270139899e-004,5.56992225337979e-005
7.07945784384134e+002	-6.29368345656189e-004,5.69963909484542e-005
7.24435960074986e+002	-6.62918136839608e-004,5.83949463128032e-005
7.41310241300914e+002	-6.98459968546672e-004,5.99133964599716e-005
7.58577575029180e+002	-7.36132848544457e-004,6.15736721966659e-005
7.76247116628688e+002	-7.76087526816127e-004,6.34017489701458e-005
7.94328234724277e+002	-8.18487674848711e-004,6.54283860141413e-005
8.12830516164095e+002	-8.63511196641298e-004,6.76900045854749e-005
8.31763771102666e+002	-9.11351689055095e-004,7.02297347587726e-005
8.51138038202372e+002	-9.62220065446218e-004,7.30986639876451e-005
8.70963589956076e+002	-1.01634636364167e-003,7.63573292957248e-005
8.91250938133741e+002	-1.07398175461526e-003,8.00775039854034e-005
9.12010839355905e+002	-1.13540077438756e-003,8.43443412757426e-005
9.33254300796986e+002	-1.20090379772364e-003,8.92589497881508e-005
9.54992586021431e+002	-1.27081977387888e-003,9.49414952889664e-005
9.77237220955805e+002	-1.34550924164500e-003,1.01534943364469e-004
9.99999999999994e+002	-1.42536763604539e-003,1.09209582691750e-004
1.02329299228075e+003	-1.51082889090048e-003,1.18168505406671e-004
1.04712854805089e+003	-1.60236932919133e-003,1.28654256781980e-004
1.07151930523760e+003	-1.70051181085285e-003,1.40956920382811e-004
1.09647819614318e+003	-1.80583007708890e-003,1.55423963468010e-004
1.12201845430196e+003	-1.91895318191371e-003,1.72472246516958e-004
1.14815362149688e+003	-2.04056983299949e-003,1.92602688098085e-004
1.17489755493952e+003	-2.17143236008610e-003,2.16418188929745e-004
1.20226443461741e+003	-2.31235988169942e-003,2.44645548972341e-004
1.23026877081237e+003	-2.46424002750700e-003,2.78162257277381e-004
1.25892541179416e+003	-2.62802826929942e-003,3.18029201642679e-004
1.28824955169313e+003	-2.80474347975712e-003,3.65530509395547e-004
1.31825673855640e+003	-2.99545772787724e-003,4.22221877746045e-004
1.34896288259165e+003	-3.20127747113474e-003,4.89988832560371e-004
1.38038426460288e+003	-3.42331212948466e-003,5.71116280881846e-004
1.41253754462275e+003	-3.66262443792209e-003,6.68370365369376e-004
1.44543977074592e+003	-3.92015488058917e-003,7.85092732338497e-004
1.47910838816820e+003	-4.19660983587278e-003,9.25305535008847e-004
1.51356124843620e+003	-4.49229987246724e-003,1.09382220653008e-003
1.54881661891247e+003	-4.80691120846188e-003,1.29635341459773e-003
1.58489319246110e+003	-5.13919048870548e-003,1.53958850690199e-003
1.62181009735892e+003	-5.48652249705128e-003,1.83121881245155e-003
1.65958690743755e+003	-5.84438549576305e-003,2.17984926470208e-003
1.69824365246173e+003	-6.20568519050835e-003,2.59471910427205e-003
1.73780082874936e+003	-6.56000408675084e-003,3.08512459236831e-003
1.77827941003891e+003	-6.89286793058841e-003,3.65941767488972e-003
1.81970085860997e+003	-7.18523105147995e-003,4.32346733325858e-003
1.86208713666286e+003	-7.41350816372233e-003,5.07855216749537e-003
1.90546071796323e+003	-7.55058690974408e-003,5.91884629093025e-003
1.94984459975803e+003	-7.56824625001684e-003,6.82898154778325e-003
1.99526231496887e+003	-7.44114614904845e-003,7.78254493285863e-003
2.04173794466952e+003	-7.15195948266967e-003,8.74258513428389e-003
2.08929613085403e+003	-6.69641389232822e-003,9.66494161572703e-003
2.13796208950222e+003	-6.08643885664151e-003,1.05042936623189e-002
2.18776162394954e+003	-5.34983894084462e-003,1.12215324282708e-002
2.23872113856832e+003	-4.52612430899535e-003,1.17901550228763e-002
2.29086765276776e+003	-3.65974909222189e-003,1.21995944299004e-002
2.34422881531991e+003	-2.79302235470880e-003,1.24547105094891e-002
2.39883291901947e+003	-1.96076795205613e-003,1.25722337247358e-002
2.45470891568501e+003	-1.18771790967287e-003,1.25758463093432e-002
2.51188643150956e+003	-4.88437021402888e-004,1.24915165807105e-002
2.57039578276885e+003	1.31104262706572e-004,1.23440390649456e-002
2.63026799189536e+003	6.71278342423420e-004,1.21550134172530e-002
2.69153480392690e+003	1.13657649161780e-003,1.19420331729320e-002
2.75422870333815e+003	1.53377907548702e-003,1.17186886423409e-002
2.81838293126443e+003	1.87062524757664e-003,1.14950133557605e-002
2.88403150312659e+003	2.15493998373972e-003,1.12781054058379e-002
2.95120922666636e+003	2.39411849895532e-003,1.10727613413481e-002
3.01995172040199e+003	2.59486246187635e-003,1.08820412783633e-002
3.09029543251357e+003	2.76307967844502e-003,1.07077354738410e-002
3.16227766016836e+003	2.90388189569057e-003,1.05507309356551e-002
3.23593656929626e+003	3.02163617389795e-003,1.04112897087181e-002
3.31131121482589e+003	3.12004133658661e-003,1.02892547566947e-002
3.38844156139200e+003	3.20221234603935e-003,1.01841991927438e-002
3.46736850452529e+003	3.27076296170503e-003,1.00955325426459e-002
3.54813389233573e+003	3.32788177433940e-003,1.00225751411832e-002
3.63078054770099e+003	3.37539955918942e-003,9.96460927630767e-003
3.71535229097170e+003	3.41484751933763e-003,9.92091359725079e-003
3.80189396320558e+003	3.44750685384554e-003,9.89078560988148e-003
3.89045144994278e+003	3.47445049646922e-003,9.87355578440063e-003
3.98107170553494e+003	3.49657801204728e-003,9.86859582585384e-003
4.07380277804110e+003	3.51464463787465e-003,9.87532293336362e-003
4.16869383470332e+003	3.52928538477215e-003,9.89320135042867e-003
4.26579518801589e+003	3.54103500765746e-003,9.92174212454927e-003
4.36515832240162e+003	3.55034454534575e-003,9.96050172211174e-003
4.46683592150960e+003	3.55759502070896e-003,1.00090799475989e-002
4.57088189614871e+003	3.56310879745081e-003,1.00671174764703e-002
4.67735141287194e+003	3.56715900464621e-003,1.01342932123165e-002
4.78630092322634e+003	3.56997736986386e-003,1.02103216086054e-002
4.89778819368442e+003	3.57176073882215e-003,1.02949500465683e-002
5.01187233627268e+003	3.57267651293114e-003,1.03879563262737e-002
5.12861383991361e+003	3.57286719280125e-003,1.04891463039674e-002
5.24807460249768e+003	3.57245418162222e-003,1.05983516936561e-002
5.37031796370248e+003	3.57154097606838e-003,1.07154280381652e-002
5.49540873857620e+003	3.57021584882489e-003,1.08402528492836e-002
5.62341325190344e+003	3.56855410775836e-003,1.09727239115579e-002
5.75439937337152e+003	3.56662000329777e-003,1.11127577408274e-002
5.88843655355584e+003	3.56446834099700e-003,1.12602881879793e-002
6.02559586074353e+003	3.56214584849113e-003,1.14152651770947e-002
6.16595001861477e+003	3.55969233568487e-003,1.15776535678386e-002
6.30957344480188e+003	3.55714168189536e-003,1.17474321306604e-002
6.45654229034650e+003	3.55452267646683e-003,1.19245926257900e-002
6.60693448007590e+003	3.55185973698724e-003,1.21091389759667e-002
6.76082975391976e+003	3.54917352264295e-003,1.23010865246361e-002
6.91830970918931e+003	3.54648146013403e-003,1.25004613713148e-002
7.07945784384132e+003	3.54379819403050e-003,1.27072997770857e-002
7.24435960074984e+003	3.54113597423122e-003,1.29216476331778e-002
7.41310241300911e+003	3.53850498856900e-003,1.31435599871860e-002
7.58577575029177e+003	3.53591364941508e-003,1.33731006208677e-002
7.76247116628685e+003	3.53336884138855e-003,1.36103416749395e-002
7.94328234724275e+003	3.53087613378023e-003,1.38553633167049e-002
8.12830516164092e+003	3.52843996567742e-003,1.41082534460634e-002
8.31763771102664e+003	3.52606380471343e-003,1.43691074365277e-002
8.51138038202369e+003	3.52375028526808e-003,1.46380279082853e-002
8.70963589956073e+003	3.52150132782469e-003,1.49151245301619e-002
8.91250938133738e+003	3.51931824232565e-003,1.52005138481350e-002
9.12010839355902e+003	3.51720181822657e-003,1.54943191379277e-002
9.33254300796983e+003	3.51515240197386e-003,1.57966702796785e-002
9.54992586021428e+003	3.51316996476214e-003,1.61077036531293e-002
9.77237220955802e+003	3.51125416095499e-003,1.64275620510871e-002
9.99999999999991e+003	3.50940437924407e-003,1.67563946103911e-002
1.02329299228075e+004	3.50761978620540e-003,1.70943567584338e-002
1.04712854805089e+004	3.50589936518020e-003,1.74416101743730e-002
1.07151930523760e+004	3.50424194881782e-003,1.77983227641553e-002
1.09647819614318e+004	3.50264624856322e-003,1.81646686478334e-002
1.12201845430195e+004	3.50111087873017e-003,1.85408281588994e-002
1.14815362149687e+004	3.49963437848544e-003,1.89269878544989e-002
1.17489755493952e+004	3.49821523036553e-003,1.93233405360776e-002
1.20226443461740e+004	3.49685187620707e-003,1.97300852796805e-002
1.23026877081237e+004	3.49554273094554e-003,2.01474274753869e-002
1.25892541179416e+004	3.49428619431080e-003,2.05755788755177e-002
1.28824955169312e+004	3.49308066131471e-003,2.10147576510849e-002
1.31825673855640e+004	3.49192453039393e-003,2.14651884559592e-002
1.34896288259164e+004	3.49081621115488e-003,2.19271024987392e-002
1.38038426460287e+004	3.48975413018593e-003,2.24007376216824e-002
1.41253754462274e+004	3.48873673678440e-003,2.28863383866728e-002
1.44543977074591e+004	3.48776250680771e-003,2.33841561678443e-002
1.47910838816819e+004	3.48682994646765e-003,2.38944492505922e-002
1.51356124843619e+004	3.48593759531468e-003,2.44174829371145e-002
1.54881661891247e+004	3.48508402865377e-003,2.49535296578876e-002
1.58489319246110e+004	3.48426785930656e-003,2.55028690892129e-002
1.62181009735891e+004	3.48348773904661e-003,2.60657882767116e-002
1.65958690743755e+004	3.48274236003476e-003,2.66425817645700e-002
1.69824365246173e+004	3.48203045501805e-003,2.72335517304226e-002
1.73780082874936e+004	3.48135079836709e-003,2.78390081260573e-002
1.77827941003891e+004	3.48070220603347e-003,2.84592688235423e-002
1.81970085860997e+004	3.48008353581974e-003,2.90946597670219e-002
1.86208713666285e+004	3.47949368696732e-003,2.97455151300103e-002
1.90546071796323e+004	3.47893160032697e-003,3.04121774781885e-002
1.94984459975803e+004	3.47839625780466e-003,3.10949979377814e-002
1.99526231496886e+004	3.47788668157989e-003,3.17943363694338e-002
2.04173794466951e+004	3.47740193423363e-003,3.25105615476102e-002
2.08929613085402e+004	3.47694111762564e-003,3.32440513456198e-002
2.13796208950221e+004	3.47650337238292e-003,3.39951929262366e-002
2.18776162394953e+004	3.47608787717490e-003,3.47643829379467e-002
2.23872113856832e+004	3.47569384828716e-003,3.55520277169877e-002
2.29086765276775e+004	3.47532053817190e-003,3.63585434950260e-002
2.34422881531990e+004	3.47496723559004e-003,3.71843566127880e-002
2.39883291901947e+004	3.47463326423281e-003,3.80299037395652e-002
2.45470891568501e+004	3.47431798201114e-003,3.88956320986241e-002
2.51188643150956e+004	3.47402078074310e-003,3.97819996988421e-002
2.57039578276884e+004	3.47374108494591e-003,4.06894755723496e-002
2.63026799189536e+004	3.47347835132439e-003,4.16185400185388e-002
2.69153480392689e+004	3.47323206814565e-003,4.25696848543733e-002
2.75422870333814e+004	3.47300175434384e-003,4.35434136712052e-002
2.81838293126443e+004	3.47278695927855e-003,4.45402420982028e-002
2.88403150312658e+004	3.47258726148425e-003,4.55606980723537e-002
2.95120922666636e+004	3.47240226882661e-003,4.66053221155249e-002
3.01995172040199e+004	3.47223161739407e-003,4.76746676182519e-002
3.09029543251356e+004	3.47207497135571e-003,4.87693011307634e-002
3.16227766016835e+004	3.47193202202334e-003,4.98898026612323e-002
3.23593656929625e+004	3.47180248807888e-003,5.10367659813716e-002
3.31131121482588e+004	3.47168611448012e-003,5.22107989395741e-002
3.38844156139199e+004	3.47158267253178e-003,5.34125237817695e-002
3.46736850452528e+004	3.47149195947338e-003,5.46425774801425e-002
3.54813389233572e+004	3.47141379810978e-003,5.59016120698506e-002
3.63078054770098e+004	3.47134803664062e-003,5.71902949939032e-002
3.71535229097169e+004	3.47129454843298e-003,5.85093094565312e-002
3.80189396320557e+004	3.47125323195030e-003,5.98593547849850e-002
3.89045144994277e+004	3.47122401048239e-003,6.12411468001738e-002
3.98107170553493e+004	3.47120683220226e-003,6.26554181962080e-002
4.07380277804108e+004	3.47120167009507e-003,6.41029189290471e-002
4.16869383470331e+004	3.47120852200078e-003,6.55844166146148e-002
4.26579518801588e+004	3.47122741071360e-003,6.71006969363491e-002
4.36515832240161e+004	3.47125838403883e-003,6.86525640626333e-002
4.46683592150958e+004	3.47130151500608e-003,7.02408410741314e-002
4.57088189614870e+004	3.47135690209655e-003,7.18663704014967e-002
4.67735141287193e+004	3.47142466938521e-003,7.35300142734310e-002
4.78630092322633e+004	3.47150496722293e-003,7.52326551755185e-002
4.89778819368441e+004	3.47159797210850e-003,7.69751963200693e-002
5.01187233627267e+004	3.47170388741347e-003,7.87585621270893e-002
5.12861383991359e+004	3.47182294393633e-003,8.05836987168511e-002
5.24807460249767e+004	3.47195540014411e-003,8.24515744141688e-002
5.37031796370247e+004	3.47210154311028e-003,8.43631802647408e-002
5.49540873857619e+004	3.47226168905479e-003,8.63195305638435e-002
5.62341325190343e+004	3.47243618374193e-003,8.83216633975744e-002
5.75439937337151e+004	3.47262540392990e-003,9.03706411971691e-002
5.88843655355583e+004	3.47282975766916e-003,9.24675513064491e-002
6.02559586074351e+004	3.47304968536832e-003,9.46135065628382e-002
6.16595001861475e+004	3.47328566094518e-003,9.68096458923618e-002
6.30957344480186e+004	3.47353819263674e-003,9.90571349188085e-002
6.45654229034648e+004	3.47380782444873e-003,1.01357166587482e-001
6.60693448007589e+004	3.47409513709351e-003,1.03710961803946e-001
6.76082975391974e+004	3.47440074948224e-003,1.06119770087985e-001
6.91830970918929e+004	3.47472532001802e-003,1.08584870243348e-001
7.07945784384130e+004	3.47506954821597e-003,1.11107571043510e-001
7.24435960074982e+004	3.47543417593954e-003,1.13689211933954e-001
7.41310241300909e+004	3.47581998963165e-003,1.16331163751326e-001
7.58577575029175e+004	3.47622782152257e-003,1.19034829459850e-001
7.76247116628683e+004	3.47665855200319e-003,1.21801644905629e-001
7.94328234724272e+004	3.47711311108867e-003,1.24633079588917e-001
8.12830516164090e+004	3.47759248109014e-003,1.27530637455418e-001
8.31763771102661e+004	3.47809769851892e-003,1.30495857706293e-001
8.51138038202367e+004	3.47862985645975e-003,1.33530315628167e-001
8.70963589956071e+004	3.47919010714293e-003,1.36635623442973e-001
8.91250938133735e+004	3.47977966472968e-003,1.39813431178729e-001
9.12010839355899e+004	3.48039980777060e-003,1.43065427561335e-001
9.33254300796980e+004	3.48105188247416e-003,1.46393340928095e-001
9.54992586021425e+004	3.48173730554890e-003,1.49798940163702e-001
9.77237220955799e+004	3.48245756784138e-003,1.53284035659060e-001
9.99999999999988e+004	3.48321423747677e-003,1.56850480293532e-001
1.02329299228074e+005	3.48400896361056e-003,1.60500170441535e-001
1.04712854805089e+005	3.48484348049283e-003,1.64235047003746e-001
1.07151930523759e+005	3.48571961140465e-003,1.68057096463873e-001
1.09647819614317e+005	3.48663927285031e-003,1.71968351971541e-001
1.12201845430195e+005	3.48760447940322e-003,1.75970894452090e-001
1.14815362149687e+005	3.48861734831019e-003,1.80066853744010e-001
1.17489755493952e+005	3.48968010463580e-003,1.84258409764584e-001
1.20226443461740e+005	3.49079508663408e-003,1.88547793704980e-001
1.23026877081237e+005	3.49196475158919e-003,1.92937289255116e-001
1.25892541179415e+005	3.49319168137185e-003,1.97429233859449e-001
1.28824955169312e+005	3.49447858927476e-003,2.02026020004609e-001
1.31825673855639e+005	3.49582832645012e-003,2.06730096539362e-001
1.34896288259164e+005	3.49724388891559e-003,2.11543970028533e-001
1.38038426460287e+005	3.49872842531340e-003,2.16470206141227e-001
1.41253754462274e+005	3.50028524451318e-003,2.21511431074813e-001
1.44543977074591e+005	3.50191782438003e-003,2.26670333015381e-001
1.47910838816819e+005	3.50362982013053e-003,2.31949663636244e-001
1.51356124843619e+005	3.50542507418083e-003,2.37352239634929e-001
1.54881661891246e+005	3.50730762596640e-003,2.42880944310674e-001
1.58489319246109e+005	3.50928172235854e-003,2.48538729183037e-001
1.62181009735891e+005	3.51135182877726e-003,2.54328615652996e-001
1.65958690743754e+005	3.51352264146954e-003,2.60253696708398e-001
1.69824365246172e+005	3.51579909958843e-003,2.66317138674347e-001
1.73780082874935e+005	3.51818639856560e-003,2.72522183010766e-001
1.77827941003890e+005	3.52069000460631e-003,2.78872148158027e-001
1.81970085860996e+005	3.52331566955399e-003,2.85370431432725e-001
1.86208713666284e+005	3.52606944642275e-003,2.92020510975091e-001
1.90546071796322e+005	3.52895770704720e-003,2.98825947749228e-001
1.94984459975802e+005	3.53198715964709e-003,3.05790387599270e-001
1.99526231496885e+005	3.53516486831040e-003,3.12917563362076e-001
2.04173794466950e+005	3.53849827320118e-003,3.20211297039121e-001
2.08929613085401e+005	3.54199521224530e-003,3.27675502029438e-001
2.13796208950220e+005	3.54566394474887e-003,3.35314185425938e-001
2.18776162394952e+005	3.54951317541463e-003,3.43131450377237e-001
2.23872113856831e+005	3.55355208139940e-003,3.51131498517525e-001
2.29086765276774e+005	3.55779033992576e-003,3.59318632467003e-001
2.34422881531989e+005	3.56223815850854e-003,3.67697258405223e-001
2.39883291901946e+005	3.56690630684398e-003,3.76271888720673e-001
2.45470891568500e+005	3.57180615134212e-003,3.85047144739045e-001
2.51188643150955e+005	3.57694969143552e-003,3.94027759533365e-001
2.57039578276883e+005	3.58234959900017e-003,4.03218580819484e-001
2.63026799189535e+005	3.58801926013541e-003,4.12624573939958e-001
2.69153480392688e+005	3.59397282015550e-003,4.22250824940232e-001
2.75422870333813e+005	3.60022523186387e-003,4.32102543740679e-001
2.81838293126442e+005	3.60679230695382e-003,4.42185067408658e-001
2.88403150312657e+005	3.61369077148765e-003,4.52503863534703e-001
2.95120922666635e+005	3.62093832538335e-003,4.63064533717393e-001
3.01995172040197e+005	3.62855370610760e-003,4.73872817161523e-001
3.09029543251355e+005	3.63655675754160e-003,4.84934594394636e-001
3.16227766016834e+005	3.64496850336593e-003,4.96255891107045e-001
3.23593656929624e+005	3.65381122684028e-003,5.07842882121146e-001
3.31131121482586e+005	3.66310855577012e-003,5.19701895495722e-001
3.38844156139198e+005	3.67288555491996e-003,5.31839416771552e-001
3.46736850452527e+005	3.68316882487818e-003,5.44262093365116e-001
3.54813389233570e+005	3.69398660885167e-003,5.56976739117095e-001
3.63078054770096e+005	3.70536890835638e-003,5.69990339003435e-001
3.71535229097167e+005	3.71734760697962e-003,5.83310054016859e-001
3.80189396320556e+005	3.72995660562481e-003,5.96943226227011e-001
3.89045144994275e+005	3.74323196683690e-003,6.10897384028514e-001
3.98107170553492e+005	3.75721207223023e-003,6.25180247586177e-001
4.07380277804107e+005	3.77193779233664e-003,6.39799734487667e-001
4.16869383470329e+005	3.78745266989711e-003,6.54763965614261e-001
4.26579518801586e+005	3.80380311914053e-003,6.70081271241341e-001
4.36515832240160e+005	3.82103864117767e-003,6.85760197380530e-001
4.46683592150957e+005	3.83921205730076e-003,7.01809512376985e-001
4.57088189614868e+005	3.85837976264725e-003,7.18238213775133e-001
4.67735141287191e+005	3.87860200052614e-003,7.35055535468240e-001
4.78630092322631e+005	3.89994316087439e-003,7.52270955147183e-001
4.89778819368439e+005	3.92247210399432e-003,7.69894202065621e-001
5.01187233627265e+005	3.94626251247132e-003,7.87935265139341e-001
5.12861383991357e+005	3.97139327345997e-003,8.06404401399306e-001
5.24807460249765e+005	3.99794889460736e-003,8.25312144818834e-001
5.37031796370245e+005	4.02601995666885e-003,8.44669315537005e-001
5.49540873857616e+005	4.05570360588570e-003,8.64487029501976e-001
5.62341325190341e+005	4.08710409006119e-003,8.84776708559369e-001
5.75439937337148e+005	4.12033334353623e-003,9.05550091012839e-001
5.88843655355580e+005	4.15551162319616e-003,9.26819242685857e-001
6.02559586074349e+005	4.19276820335313e-003,9.48596568515735e-001
6.16595001861473e+005	4.23224213308515e-003,9.70894824713421e-001
6.30957344480184e+005	4.27408306313737e-003,9.93727131524647e-001
6.45654229034646e+005	4.31845214812654e-003,1.01710698663108e+000
6.60693448007586e+005	4.36552303285964e-003,1.04104827923266e+000
6.76082975391971e+005	4.41548292926086e-003,1.06556530485556e+000
6.91830970918926e+005	4.46853379445145e-003,1.09067278093348e+000
7.07945784384127e+005	4.52489361875053e-003,1.11638586321368e+000
7.24435960074979e+005	4.58479783455346e-003,1.14272016304300e+000
7.41310241300906e+005	4.64850085948854e-003,1.16969176559329e+000
7.58577575029172e+005	4.71627778541972e-003,1.19731724909054e+000
7.76247116628680e+005	4.78842622865727e-003,1.22561370511686e+000
7.94328234724269e+005	4.86526835878465e-003,1.25459876005962e+000
8.12830516164087e+005	4.94715312160565e-003,1.28429059778863e+000
8.31763771102658e+005	5.03445867923347e-003,1.31470798364794e+000
8.51138038202363e+005	5.12759508617933e-003,1.34587028985639e+000
8.70963589956067e+005	5.22700722861202e-003,1.37779752241821e+000
8.91250938133732e+005	5.33317805202671e-003,1.41051034965365e+000
9.12010839355895e+005	5.44663210803265e-003,1.44403013246845e+000
9.33254300796976e+005	5.56793945391121e-003,1.47837895649082e+000
9.54992586021421e+005	5.69771994078394e-003,1.51357966621552e+000
9.77237220955795e+005	5.83664793293792e-003,1.54965590130616e+000
1.00000000000000e+006	5.98545750274582e-003,1.58663213522022e+000
