Freq.	(-V(v1)*10000/(V(v2)-V(v1)))-10000
1.00000000000000e+001	1.15945505065261e+004,-5.90201991985692e+001
1.02329299228075e+001	1.15945251140043e+004,-6.03948015276533e+001
1.04712854805090e+001	1.15944985248488e+004,-6.18014113934494e+001
1.07151930523761e+001	1.15944706826714e+004,-6.32407735559681e+001
1.09647819614319e+001	1.15944415284275e+004,-6.47136500663287e+001
1.12201845430196e+001	1.15944110002903e+004,-6.62208206654576e+001
1.14815362149688e+001	1.15943790335204e+004,-6.77630831918166e+001
1.17489755493953e+001	1.15943455603280e+004,-6.93412539983048e+001
1.20226443461741e+001	1.15943105097297e+004,-7.09561683785204e+001
1.23026877081238e+001	1.15942738073979e+004,-7.26086810026304e+001
1.25892541179417e+001	1.15942353755033e+004,-7.42996663629911e+001
1.28824955169313e+001	1.15941951325499e+004,-7.60300192297218e+001
1.31825673855641e+001	1.15941529932027e+004,-7.78006551165042e+001
1.34896288259165e+001	1.15941088681064e+004,-7.96125107567111e+001
1.38038426460288e+001	1.15940626636966e+004,-8.14665445901522e+001
1.41253754462275e+001	1.15940142820012e+004,-8.33637372606060e+001
1.44543977074593e+001	1.15939636204331e+004,-8.53050921243757e+001
1.47910838816821e+001	1.15939105715729e+004,-8.72916357700495e+001
1.51356124843621e+001	1.15938550229411e+004,-8.93244185497412e+001
1.54881661891248e+001	1.15937968567604e+004,-9.14045151219569e+001
1.58489319246111e+001	1.15937359497060e+004,-9.35330250063813e+001
1.62181009735893e+001	1.15936721726443e+004,-9.57110731507353e+001
1.65958690743756e+001	1.15936053903599e+004,-9.79398105100071e+001
1.69824365246174e+001	1.15935354612690e+004,-1.00220414638197e+002
1.73780082874937e+001	1.15934622371198e+004,-1.02554090292879e+002
1.77827941003892e+001	1.15933855626786e+004,-1.04942070052725e+002
1.81970085860998e+001	1.15933052754016e+004,-1.07385614948356e+002
1.86208713666287e+001	1.15932212050904e+004,-1.09886015106512e+002
1.90546071796325e+001	1.15931331735322e+004,-1.12444590408051e+002
1.94984459975804e+001	1.15930409941225e+004,-1.15062691159746e+002
1.99526231496888e+001	1.15929444714706e+004,-1.17741698780304e+002
2.04173794466953e+001	1.15928434009861e+004,-1.20483026500677e+002
2.08929613085404e+001	1.15927375684461e+004,-1.23288120078964e+002
2.13796208950223e+001	1.15926267495425e+004,-1.26158458530114e+002
2.18776162394955e+001	1.15925107094073e+004,-1.29095554870602e+002
2.23872113856834e+001	1.15923892021165e+004,-1.32100956878360e+002
2.29086765276777e+001	1.15922619701699e+004,-1.35176247868040e+002
2.34422881531992e+001	1.15921287439469e+004,-1.38323047481957e+002
2.39883291901949e+001	1.15919892411371e+004,-1.41543012496751e+002
2.45470891568503e+001	1.15918431661436e+004,-1.44837837646101e+002
2.51188643150958e+001	1.15916902094584e+004,-1.48209256459504e+002
2.57039578276886e+001	1.15915300470094e+004,-1.51659042117381e+002
2.63026799189538e+001	1.15913623394754e+004,-1.55189008322669e+002
2.69153480392691e+001	1.15911867315704e+004,-1.58801010188962e+002
2.75422870333816e+001	1.15910028512931e+004,-1.62496945145341e+002
2.81838293126445e+001	1.15908103091428e+004,-1.66278753858087e+002
2.88403150312660e+001	1.15906086972969e+004,-1.70148421169229e+002
2.95120922666638e+001	1.15903975887515e+004,-1.74107977052087e+002
3.01995172040201e+001	1.15901765364205e+004,-1.78159497583842e+002
3.09029543251359e+001	1.15899450721938e+004,-1.82305105935126e+002
3.16227766016838e+001	1.15897027059507e+004,-1.86546973376654e+002
3.23593656929628e+001	1.15894489245271e+004,-1.90887320302853e+002
3.31131121482591e+001	1.15891831906357e+004,-1.95328417272457e+002
3.38844156139202e+001	1.15889049417340e+004,-1.99872586065920e+002
3.46736850452531e+001	1.15886135888414e+004,-2.04522200759546e+002
3.54813389233575e+001	1.15883085152994e+004,-2.09279688816150e+002
3.63078054770101e+001	1.15879890754759e+004,-2.14147532192048e+002
3.71535229097172e+001	1.15876545934072e+004,-2.19128268460100e+002
3.80189396320561e+001	1.15873043613788e+004,-2.24224491948467e+002
3.89045144994280e+001	1.15869376384384e+004,-2.29438854894724e+002
3.98107170553497e+001	1.15865536488412e+004,-2.34774068614934e+002
4.07380277804112e+001	1.15861515804221e+004,-2.40232904687058e+002
4.16869383470335e+001	1.15857305828930e+004,-2.45818196148321e+002
4.26579518801592e+001	1.15852897660607e+004,-2.51532838705654e+002
4.36515832240165e+001	1.15848281979623e+004,-2.57379791958689e+002
4.46683592150962e+001	1.15843449029147e+004,-2.63362080634297e+002
4.57088189614874e+001	1.15838388594732e+004,-2.69482795831895e+002
4.67735141287197e+001	1.15833089982963e+004,-2.75745096278393e+002
4.78630092322638e+001	1.15827541999118e+004,-2.82152209591660e+002
4.89778819368445e+001	1.15821732923796e+004,-2.88707433551261e+002
5.01187233627271e+001	1.15815650488473e+004,-2.95414137375057e+002
5.12861383991364e+001	1.15809281849928e+004,-3.02275763000090e+002
5.24807460249772e+001	1.15802613563494e+004,-3.09295826366089e+002
5.37031796370252e+001	1.15795631555087e+004,-3.16477918699741e+002
5.49540873857624e+001	1.15788321091945e+004,-3.23825707797641e+002
5.62341325190348e+001	1.15780666752028e+004,-3.31342939305693e+002
5.75439937337156e+001	1.15772652392023e+004,-3.39033437992596e+002
5.88843655355588e+001	1.15764261113883e+004,-3.46901109014616e+002
6.02559586074357e+001	1.15755475229843e+004,-3.54949939168883e+002
6.16595001861481e+001	1.15746276225845e+004,-3.63183998131919e+002
6.30957344480192e+001	1.15736644723292e+004,-3.71607439680116e+002
6.45654229034654e+001	1.15726560439083e+004,-3.80224502888237e+002
6.60693448007595e+001	1.15716002143822e+004,-3.89039513302088e+002
6.76082975391980e+001	1.15704947618148e+004,-3.98056884080904e+002
6.91830970918935e+001	1.15693373607094e+004,-4.07281117104603e+002
7.07945784384136e+001	1.15681255772391e+004,-4.16716804040908e+002
7.24435960074988e+001	1.15668568642633e+004,-4.26368627366707e+002
7.41310241300916e+001	1.15655285561205e+004,-4.36241361337660e+002
7.58577575029182e+001	1.15641378631892e+004,-4.46339872899534e+002
7.76247116628690e+001	1.15626818662062e+004,-4.56669122534250e+002
7.94328234724279e+001	1.15611575103322e+004,-4.67234165033222e+002
8.12830516164097e+001	1.15595615989548e+004,-4.78040150189615e+002
8.31763771102669e+001	1.15578907872180e+004,-4.89092323400948e+002
8.51138038202374e+001	1.15561415752672e+004,-5.00396026172442e+002
8.70963589956078e+001	1.15543103011967e+004,-5.11956696511113e+002
8.91250938133743e+001	1.15523931336909e+004,-5.23779869199430e+002
9.12010839355907e+001	1.15503860643437e+004,-5.35871175936998e+002
9.33254300796988e+001	1.15482848996460e+004,-5.48236345337511e+002
9.54992586021433e+001	1.15460852526267e+004,-5.60881202767362e+002
9.77237220955808e+001	1.15437825341351e+004,-5.73811670011399e+002
9.99999999999997e+001	1.15413719437504e+004,-5.87033764750176e+002
1.02329299228075e+002	1.15388484603048e+004,-6.00553599831742e+002
1.04712854805090e+002	1.15362068320052e+004,-6.14377382320237e+002
1.07151930523760e+002	1.15334415661403e+004,-6.28511412301694e+002
1.09647819614318e+002	1.15305469183565e+004,-6.42962081426580e+002
1.12201845430196e+002	1.15275168814893e+004,-6.57735871166812e+002
1.14815362149688e+002	1.15243451739336e+004,-6.72839350763547e+002
1.17489755493953e+002	1.15210252275374e+004,-6.88279174840394e+002
1.20226443461741e+002	1.15175501750048e+004,-7.04062080654861e+002
1.23026877081238e+002	1.15139128367906e+004,-7.20194884959062e+002
1.25892541179416e+002	1.15101057074714e+004,-7.36684480438610e+002
1.28824955169313e+002	1.15061209415779e+004,-7.53537831696601e+002
1.31825673855640e+002	1.15019503388724e+004,-7.70761970747283e+002
1.34896288259165e+002	1.14975853290550e+004,-7.88363991981694e+002
1.38038426460288e+002	1.14930169558852e+004,-8.06351046564900e+002
1.41253754462275e+002	1.14882358607011e+004,-8.24730336222009e+002
1.44543977074592e+002	1.14832322653246e+004,-8.43509106367066e+002
1.47910838816820e+002	1.14779959543366e+004,-8.62694638526170e+002
1.51356124843620e+002	1.14725162567096e+004,-8.82294242002882e+002
1.54881661891248e+002	1.14667820267858e+004,-9.02315244730657e+002
1.58489319246111e+002	1.14607816245879e+004,-9.22764983253672e+002
1.62181009735892e+002	1.14545028954549e+004,-9.43650791773549e+002
1.65958690743755e+002	1.14479331489917e+004,-9.64979990195749e+002
1.69824365246174e+002	1.14410591373276e+004,-9.86759871105249e+002
1.73780082874937e+002	1.14338670326769e+004,-1.00899768559690e+003
1.77827941003892e+002	1.14263424042004e+004,-1.03170062788135e+003
1.81970085860998e+002	1.14184701941671e+004,-1.05487581858280e+003
1.86208713666286e+002	1.14102346934176e+004,-1.07853028663985e+003
1.90546071796324e+002	1.14016195161370e+004,-1.10267094971576e+003
1.94984459975804e+002	1.13926075739456e+004,-1.12730459301905e+003
1.99526231496887e+002	1.13831810493219e+004,-1.15243784642992e+003
2.04173794466952e+002	1.13733213683752e+004,-1.17807715982213e+003
2.08929613085403e+002	1.13630091729935e+004,-1.20422877646441e+003
2.13796208950222e+002	1.13522242923934e+004,-1.23089870437899e+003
2.18776162394954e+002	1.13409457141102e+004,-1.25809268552898e+003
2.23872113856833e+002	1.13291515544697e+004,-1.28581616269979e+003
2.29086765276776e+002	1.13168190285925e+004,-1.31407424393316e+003
2.34422881531991e+002	1.13039244199913e+004,-1.34287166436617e+003
2.39883291901948e+002	1.12904430498290e+004,-1.37221274532041e+003
2.45470891568502e+002	1.12763492459182e+004,-1.40210135048032e+003
2.51188643150957e+002	1.12616163115527e+004,-1.43254083899260e+003
2.57039578276885e+002	1.12462164942739e+004,-1.46353401531244e+003
2.63026799189537e+002	1.12301209546925e+004,-1.49508307561540e+003
2.69153480392690e+002	1.12132997354946e+004,-1.52718955058797e+003
2.75422870333816e+002	1.11957217307838e+004,-1.55985424440344e+003
2.81838293126444e+002	1.11773546559258e+004,-1.59307716968463e+003
2.88403150312659e+002	1.11581650180814e+004,-1.62685747824940e+003
2.95120922666637e+002	1.11381180876357e+004,-1.66119338743086e+003
3.01995172040200e+002	1.11171778707535e+004,-1.69608210176019e+003
3.09029543251358e+002	1.10953070833162e+004,-1.73151972979726e+003
3.16227766016837e+002	1.10724671265201e+004,-1.76750119589240e+003
3.23593656929627e+002	1.10486180644462e+004,-1.80402014666244e+003
3.31131121482590e+002	1.10237186039417e+004,-1.84106885196481e+003
3.38844156139201e+002	1.09977260771847e+004,-1.87863810015633e+003
3.46736850452530e+002	1.09705964273389e+004,-1.91671708742836e+003
3.54813389233574e+002	1.09422841977436e+004,-1.95529330101623e+003
3.63078054770100e+002	1.09127425251203e+004,-1.99435239609132e+003
3.71535229097171e+002	1.08819231373213e+004,-2.03387806615583e+003
3.80189396320559e+002	1.08497763561877e+004,-2.07385190677686e+003
3.89045144994279e+002	1.08162511061319e+004,-2.11425327251525e+003
3.98107170553495e+002	1.07812949291045e+004,-2.15505912692888e+003
4.07380277804111e+002	1.07448540066602e+004,-2.19624388555830e+003
4.16869383470333e+002	1.07068731898839e+004,-2.23777925183585e+003
4.26579518801591e+002	1.06672960379968e+004,-2.27963404589894e+003
4.36515832240164e+002	1.06260648665135e+004,-2.32177402633342e+003
4.46683592150961e+002	1.05831208058788e+004,-2.36416170492515e+003
4.57088189614873e+002	1.05384038715713e+004,-2.40675615455804e+003
4.67735141287196e+002	1.04918530467129e+004,-2.44951281046420e+003
4.78630092322636e+002	1.04434063782859e+004,-2.49238326510916e+003
4.89778819368444e+002	1.03930010881100e+004,-2.53531505708065e+003
5.01187233627270e+002	1.03405736997874e+004,-2.57825145444630e+003
5.12861383991362e+002	1.02860601828738e+004,-2.62113123315243e+003
5.24807460249770e+002	1.02293961155799e+004,-2.66388845115472e+003
5.37031796370250e+002	1.01705168673499e+004,-2.70645221910229e+003
5.49540873857622e+002	1.01093578026971e+004,-2.74874646853959e+003
5.62341325190346e+002	1.00458545077045e+004,-2.79068971874736e+003
5.75439937337154e+002	9.97994304061468e+003,-2.83219484351285e+003
5.88843655355586e+002	9.91156020793787e+003,-2.87316883930349e+003
6.02559586074355e+002	9.84064386749834e+003,-2.91351259651483e+003
6.16595001861479e+002	9.76713325981410e+003,-2.95312067567453e+003
6.30957344480190e+002	9.69096936916075e+003,-2.99188109070793e+003
6.45654229034652e+002	9.61209531560469e+003,-3.02967510160727e+003
6.60693448007592e+002	9.53045677920144e+003,-3.06637701909518e+003
6.76082975391978e+002	9.44600245743798e+003,-3.10185402413123e+003
6.91830970918933e+002	9.35868455685006e+003,-3.13596600537773e+003
7.07945784384134e+002	9.26845931956531e+003,-3.16856541801484e+003
7.24435960074986e+002	9.17528758530449e+003,-3.19949716757182e+003
7.41310241300914e+002	9.07913538911599e+003,-3.22859852271940e+003
7.58577575029180e+002	8.97997459481753e+003,-3.25569906124234e+003
7.76247116628688e+002	8.87778356377170e+003,-3.28062065367672e+003
7.94328234724277e+002	8.77254785822662e+003,-3.30317748934979e+003
8.12830516164095e+002	8.66426097800531e+003,-3.32317614979233e+003
8.31763771102666e+002	8.55292512882776e+003,-3.34041573470062e+003
8.51138038202372e+002	8.43855201999528e+003,-3.35468804579739e+003
8.70963589956076e+002	8.32116368855791e+003,-3.36577783407161e+003
8.91250938133741e+002	8.20079334642314e+003,-3.37346311595580e+003
9.12010839355905e+002	8.07748624614898e+003,-3.37751556401758e+003
9.33254300796986e+002	7.95130056040052e+003,-3.37770097768845e+003
9.54992586021431e+002	7.82230826923968e+003,-3.37377983941776e+003
9.77237220955805e+002	7.69059604857110e+003,-3.36550796141102e+003
9.99999999999994e+002	7.55626615218882e+003,-3.35263722777946e+003
1.02329299228075e+003	7.41943727897064e+003,-3.33491643648085e+003
1.04712854805089e+003	7.28024541586049e+003,-3.31209224485918e+003
1.07151930523760e+003	7.13884464637990e+003,-3.28391022188448e+003
1.09647819614318e+003	6.99540791353261e+003,-3.25011600934484e+003
1.12201845430196e+003	6.85012772513241e+003,-3.21045659324450e+003
1.14815362149688e+003	6.70321678881350e+003,-3.16468168551013e+003
1.17489755493952e+003	6.55490856329901e+003,-3.11254521480053e+003
1.20226443461741e+003	6.40545771193155e+003,-3.05380692375433e+003
1.23026877081237e+003	6.25514044403703e+003,-2.98823406840049e+003
1.25892541179416e+003	6.10425472942638e+003,-2.91560321370756e+003
1.28824955169313e+003	5.95312037126818e+003,-2.83570211737207e+003
1.31825673855640e+003	5.80207892271572e+003,-2.74833169196403e+003
1.34896288259165e+003	5.65149343307196e+003,-2.65330803348118e+003
1.38038426460288e+003	5.50174800995020e+003,-2.55046450224271e+003
1.41253754462275e+003	5.35324718485852e+003,-2.43965383991273e+003
1.44543977074592e+003	5.20641507092123e+003,-2.32075030432279e+003
1.47910838816820e+003	5.06169430306242e+003,-2.19365180170624e+003
1.51356124843620e+003	4.91954475292374e+003,-2.05828199401486e+003
1.54881661891247e+003	4.78044201306844e+003,-1.91459235721097e+003
1.58489319246110e+003	4.64487564763027e+003,-1.76256416487317e+003
1.62181009735892e+003	4.51334720947955e+003,-1.60221037017556e+003
1.65958690743755e+003	4.38636802717365e+003,-1.43357735835617e+003
1.69824365246173e+003	4.26445676839764e+003,-1.25674654123395e+003
1.73780082874936e+003	4.14813679023601e+003,-1.07183576521610e+003
1.77827941003891e+003	4.03793329038947e+003,-8.79000504603308e+002
1.81970085860997e+003	3.93437027729679e+003,-6.78434812887401e+002
1.86208713666286e+003	3.83796738096420e+003,-4.70372006171731e+002
1.90546071796323e+003	3.74923653006141e+003,-2.55085054846200e+002
1.94984459975803e+003	3.66867852442761e+003,-3.28866622187871e+001
1.99526231496887e+003	3.59677953545015e+003,1.95870988065325e+002
2.04173794466952e+003	3.53400756974392e+003,4.30796830324778e+002
2.08929613085403e+003	3.48080893407905e+003,6.71461871219284e+002
2.13796208950222e+003	3.43760474149585e+003,9.17400505973746e+002
2.18776162394954e+003	3.40478749993099e+003,1.16811219727526e+003
2.23872113856832e+003	3.38271782539318e+003,1.42306351245026e+003
2.29086765276776e+003	3.37172132171666e+003,1.68169050913674e+003
2.34422881531991e+003	3.37208566815128e+003,1.94340145421072e+003
2.39883291901947e+003	3.38405795450034e+003,2.20757985532113e+003
2.45470891568501e+003	3.40784230119289e+003,2.47358777915843e+003
2.51188643150956e+003	3.44359779859718e+003,2.74076942564639e+003
2.57039578276885e+003	3.49143679609019e+003,3.00845492272692e+003
2.63026799189536e+003	3.55142356695514e+003,3.27596430241161e+003
2.69153480392690e+003	3.62357337016748e+003,3.54261161540668e+003
2.75422870333815e+003	3.70785192464854e+003,3.80770913896388e+003
2.81838293126443e+003	3.80417530572497e+003,4.07057163074024e+003
2.88403150312659e+003	3.91241026745878e+003,4.33052058041698e+003
2.95120922666636e+003	4.03237498833543e+003,4.58688841065796e+003
3.01995172040199e+003	4.16384023165100e+003,4.83902257969294e+003
3.09029543251357e+003	4.30653090596034e+003,5.08628953937125e+003
3.16227766016836e+003	4.46012800526376e+003,5.32807850491215e+003
3.23593656929626e+003	4.62427090334010e+003,5.56380499571898e+003
3.31131121482589e+003	4.79855997189282e+003,5.79291411044937e+003
3.38844156139200e+003	4.98255948805003e+003,6.01488350394826e+003
3.46736850452529e+003	5.17580079333032e+003,6.22922603854679e+003
3.54813389233573e+003	5.37778566350778e+003,6.43549208749384e+003
3.63078054770099e+003	5.58798984691675e+003,6.63327147379251e+003
3.71535229097170e+003	5.80586672764743e+003,6.82219503333915e+003
3.80189396320558e+003	6.03085106978541e+003,7.00193579688134e+003
3.89045144994278e+003	6.26236279932369e+003,7.17220979081073e+003
3.98107170553494e+003	6.49981078157203e+003,7.33277646207087e+003
4.07380277804110e+003	6.74259655375403e+003,7.48343873739708e+003
4.16869383470332e+003	6.99011797493834e+003,7.62404273162529e+003
4.26579518801589e+003	7.24177275841811e+003,7.75447712384457e+003
4.36515832240162e+003	7.49696185503786e+003,7.87467222366428e+003
4.46683592150960e+003	7.75509265967884e+003,7.98459875278992e+003
4.57088189614871e+003	8.01558201705316e+003,8.08426636942783e+003
4.67735141287194e+003	8.27785900703176e+003,8.17372196476228e+003
4.78630092322634e+003	8.54136749384976e+003,8.25304776188157e+003
4.89778819368442e+003	8.80556842761259e+003,8.32235924809175e+003
5.01187233627268e+003	9.06994189048699e+003,8.38180297158455e+003
5.12861383991361e+003	9.33398888374435e+003,8.43155423296009e+003
5.24807460249768e+003	9.59723285536094e+003,8.47181470119946e+003
5.37031796370248e+003	9.85922097113657e+003,8.50280998238944e+003
5.49540873857620e+003	1.01195251352266e+004,8.52478716788333e+003
5.62341325190344e+003	1.03777427685708e+004,8.53801238669832e+003
5.75439937337152e+003	1.06334973559323e+004,8.54276838485940e+003
5.88843655355584e+003	1.08864387741242e+004,8.53935215216258e+003
6.02559586074353e+003	1.11362434155043e+004,8.52807261450402e+003
6.16595001861477e+003	1.13826141219712e+004,8.50924840754698e+003
6.30957344480188e+003	1.16252799455145e+004,8.48320574513953e+003
6.45654229034650e+003	1.18639957518764e+004,8.45027639357439e+003
6.60693448007590e+003	1.20985416841071e+004,8.41079576054450e+003
6.76082975391976e+003	1.23287225027551e+004,8.36510110552178e+003
6.91830970918931e+003	1.25543668191740e+004,8.31352987629137e+003
7.07945784384132e+003	1.27753262379630e+004,8.25641817452946e+003
7.24435960074984e+003	1.29914744239359e+004,8.19409935163244e+003
7.41310241300911e+003	1.32027061082510e+004,8.12690273449753e+003
7.58577575029177e+003	1.34089360474650e+004,8.05515247961667e+003
7.76247116628685e+003	1.36100979483300e+004,7.97916655268693e+003
7.94328234724275e+003	1.38061433701481e+004,7.89925582994892e+003
8.12830516164092e+003	1.39970406154642e+004,7.81572331663694e+003
8.31763771102664e+003	1.41827736188327e+004,7.72886347725414e+003
8.51138038202369e+003	1.43633408423493e+004,7.63896167185985e+003
8.70963589956073e+003	1.45387541856210e+004,7.54629369216413e+003
8.91250938133738e+003	1.47090379168537e+004,7.45112539095481e+003
9.12010839355902e+003	1.48742276307955e+004,7.35371239822414e+003
9.33254300796983e+003	1.50343692383701e+004,7.25429991729813e+003
9.54992586021428e+003	1.51895179920003e+004,7.15312259429449e+003
9.77237220955802e+003	1.53397375498362e+004,7.05040445433215e+003
9.99999999999991e+003	1.54850990813876e+004,6.94635889807086e+003
1.02329299228075e+004	1.56256804164025e+004,6.84118875236992e+003
1.04712854805089e+004	1.57615652382465e+004,6.73508636910140e+003
1.07151930523760e+004	1.58928423225053e+004,6.62823376643944e+003
1.09647819614318e+004	1.60196048210662e+004,6.52080280724812e+003
1.12201845430195e+004	1.61419495915255e+004,6.41295540951656e+003
1.14815362149687e+004	1.62599765714107e+004,6.30484378411903e+003
1.17489755493952e+004	1.63737881964061e+004,6.19661069551835e+003
1.20226443461740e+004	1.64834888615100e+004,6.08838974136370e+003
1.23026877081237e+004	1.65891844238463e+004,5.98030564727056e+003
1.25892541179416e+004	1.66909817456759e+004,5.87247457339257e+003
1.28824955169312e+004	1.67889882760231e+004,5.76500442971200e+003
1.31825673855640e+004	1.68833116692267e+004,5.65799519727468e+003
1.34896288259164e+004	1.69740594386572e+004,5.55153925288755e+003
1.38038426460287e+004	1.70613386437890e+004,5.44572169506552e+003
1.41253754462274e+004	1.71452556087986e+004,5.34062066927384e+003
1.44543977074591e+004	1.72259156708498e+004,5.23630769074979e+003
1.47910838816819e+004	1.73034229562427e+004,5.13284796341315e+003
1.51356124843619e+004	1.73778801826274e+004,5.03030069357878e+003
1.54881661891247e+004	1.74493884855238e+004,4.92871939737642e+003
1.58489319246110e+004	1.75180472674348e+004,4.82815220095543e+003
1.62181009735891e+004	1.75839540678983e+004,4.72864213271232e+003
1.65958690743755e+004	1.76472044528825e+004,4.63022740691970e+003
1.69824365246173e+004	1.77078919219992e+004,4.53294169826828e+003
1.73780082874936e+004	1.77661078320786e+004,4.43681440694634e+003
1.77827941003891e+004	1.78219413357176e+004,4.34187091398867e+003
1.81970085860997e+004	1.78754793334940e+004,4.24813282671419e+003
1.86208713666285e+004	1.79268064386074e+004,4.15561821415624e+003
1.90546071796323e+004	1.79760049527802e+004,4.06434183246220e+003
1.94984459975803e+004	1.80231548523296e+004,3.97431534029431e+003
1.99526231496886e+004	1.80683337833865e+004,3.88554750432501e+003
2.04173794466951e+004	1.81116170653091e+004,3.79804439496053e+003
2.08929613085402e+004	1.81530777014045e+004,3.71180957246818e+003
2.13796208950221e+004	1.81927863961361e+004,3.62684426371368e+003
2.18776162394953e+004	1.82308115780544e+004,3.54314752974215e+003
2.23872113856832e+004	1.82672194277501e+004,3.46071642445988e+003
2.29086765276775e+004	1.83020739101804e+004,3.37954614468663e+003
2.34422881531990e+004	1.83354368107753e+004,3.29963017186784e+003
2.39883291901947e+004	1.83673677747780e+004,3.22096040573806e+003
2.45470891568501e+004	1.83979243493224e+004,3.14352729024306e+003
2.51188643150956e+004	1.84271620277917e+004,3.06731993201919e+003
2.57039578276884e+004	1.84551342960474e+004,2.99232621174290e+003
2.63026799189536e+004	1.84818926801513e+004,2.91853288865252e+003
2.69153480392689e+004	1.85074867952438e+004,2.84592569854730e+003
2.75422870333814e+004	1.85319643952713e+004,2.77448944556270e+003
2.81838293126443e+004	1.85553714232889e+004,2.70420808801686e+003
2.88403150312658e+004	1.85777520620891e+004,2.63506481861440e+003
2.95120922666636e+004	1.85991487849423e+004,2.56704213928841e+003
3.01995172040199e+004	1.86196024062454e+004,2.50012193095484e+003
3.09029543251356e+004	1.86391521319116e+004,2.43428551844133e+003
3.16227766016835e+004	1.86578356093449e+004,2.36951373084576e+003
3.23593656929625e+004	1.86756889768651e+004,2.30578695757401e+003
3.31131121482588e+004	1.86927469124674e+004,2.24308520028707e+003
3.38844156139199e+004	1.87090426818128e+004,2.18138812099284e+003
3.46736850452528e+004	1.87246081853646e+004,2.12067508649339e+003
3.54813389233572e+004	1.87394740045941e+004,2.06092520940040e+003
3.63078054770098e+004	1.87536694471927e+004,2.00211738591684e+003
3.71535229097169e+004	1.87672225912405e+004,1.94423033057297e+003
3.80189396320557e+004	1.87801603282850e+004,1.88724260809933e+003
3.89045144994277e+004	1.87925084052991e+004,1.83113266261009e+003
3.98107170553493e+004	1.88042914654890e+004,1.77587884425404e+003
4.07380277804108e+004	1.88155330879343e+004,1.72145943349634e+003
4.16869383470331e+004	1.88262558260448e+004,1.66785266317234e+003
4.26579518801588e+004	1.88364812448284e+004,1.61503673845310e+003
4.36515832240161e+004	1.88462299569634e+004,1.56298985485751e+003
4.46683592150958e+004	1.88555216576787e+004,1.51169021443126e+003
4.57088189614870e+004	1.88643751584454e+004,1.46111604021317e+003
4.67735141287193e+004	1.88728084194865e+004,1.41124558909894e+003
4.78630092322633e+004	1.88808385811172e+004,1.36205716320347e+003
4.89778819368441e+004	1.88884819939266e+004,1.31352911982828e+003
5.01187233627267e+004	1.88957542478173e+004,1.26563988011738e+003
5.12861383991359e+004	1.89026701999177e+004,1.21836793649399e+003
5.24807460249767e+004	1.89092440013870e+004,1.17169185896114e+003
5.37031796370247e+004	1.89154891231297e+004,1.12559030033860e+003
5.49540873857619e+004	1.89214183804411e+004,1.08004200051247e+003
5.62341325190343e+004	1.89270439566039e+004,1.03502578976590e+003
5.75439937337151e+004	1.89323774254562e+004,9.90520591246992e+002
5.88843655355583e+004	1.89374297729542e+004,9.46505422648226e+002
6.02559586074351e+004	1.89422114177482e+004,9.02959397137529e+002
6.16595001861475e+004	1.89467322307961e+004,8.59861723604006e+002
6.30957344480186e+004	1.89510015540339e+004,8.17191706265897e+002
6.45654229034648e+004	1.89550282181249e+004,7.74928743681704e+002
6.60693448007589e+004	1.89588205593088e+004,7.33052327214198e+002
6.76082975391974e+004	1.89623864353703e+004,6.91542038986678e+002
6.91830970918929e+004	1.89657332407468e+004,6.50377549362119e+002
7.07945784384130e+004	1.89688679207956e+004,6.09538613992930e+002
7.24435960074982e+004	1.89717969852384e+004,5.69005070464645e+002
7.41310241300909e+004	1.89745265207998e+004,5.28756834567807e+002
7.58577575029175e+004	1.89770622030609e+004,4.88773896230352e+002
7.76247116628683e+004	1.89794093075383e+004,4.49036315133231e+002
7.94328234724272e+004	1.89815727200105e+004,4.09524216037033e+002
8.12830516164090e+004	1.89835569461019e+004,3.70217783845546e+002
8.31763771102661e+004	1.89853661201401e+004,3.31097258425797e+002
8.51138038202367e+004	1.89870040132988e+004,2.92142929210469e+002
8.70963589956071e+004	1.89884740410398e+004,2.53335129594865e+002
8.91250938133735e+004	1.89897792698635e+004,2.14654231159626e+002
9.12010839355899e+004	1.89909224233788e+004,1.76080637727498e+002
9.33254300796980e+004	1.89919058877018e+004,1.37594779273259e+002
9.54992586021425e+004	1.89927317161916e+004,9.91771057095184e+001
9.77237220955799e+004	1.89934016335306e+004,6.08080805550653e+001
9.99999999999988e+004	1.89939170391548e+004,2.24681745091697e+001
1.02329299228074e+005	1.89942790100406e+004,-1.58621410571319e+001
1.04712854805089e+005	1.89944883028527e+004,-5.42024006820850e+001
1.07151930523759e+005	1.89945453554546e+004,-9.25721514413915e+001
1.09647819614317e+005	1.89944502877861e+004,-1.30990959625402e+002
1.12201845430195e+005	1.89942029021086e+004,-1.69478417434761e+002
1.14815362149687e+005	1.89938026826180e+004,-2.08054149699087e+002
1.17489755493952e+005	1.89932487944265e+004,-2.46737820586142e+002
1.20226443461740e+005	1.89925400819082e+004,-2.85549140303826e+002
1.23026877081237e+005	1.89916750664104e+004,-3.24507871775179e+002
1.25892541179415e+005	1.89906519433238e+004,-3.63633837266477e+002
1.28824955169312e+005	1.89894685785091e+004,-4.02946924966195e+002
1.31825673855639e+005	1.89881225040715e+004,-4.42467095497495e+002
1.34896288259164e+005	1.89866109134819e+004,-4.82214388328171e+002
1.38038426460287e+005	1.89849306560321e+004,-5.22208928100865e+002
1.41253754462274e+005	1.89830782306178e+004,-5.62470930834876e+002
1.44543977074591e+005	1.89810497788410e+004,-6.03020709998440e+002
1.47910838816819e+005	1.89788410774213e+004,-6.43878682417486e+002
1.51356124843619e+005	1.89764475299012e+004,-6.85065374032257e+002
1.54881661891246e+005	1.89738641576401e+004,-7.26601425445180e+002
1.58489319246109e+005	1.89710855900773e+004,-7.68507597266508e+002
1.62181009735891e+005	1.89681060542550e+004,-8.10804775222401e+002
1.65958690743754e+005	1.89649193635836e+004,-8.53513975001187e+002
1.69824365246172e+005	1.89615189058354e+004,-8.96656346821675e+002
1.73780082874935e+005	1.89578976303494e+004,-9.40253179687576e+002
1.77827941003890e+005	1.89540480344320e+004,-9.84325905297153e+002
1.81970085860996e+005	1.89499621489321e+004,-1.02889610159436e+003
1.86208713666284e+005	1.89456315229768e+004,-1.07398549590892e+003
1.90546071796322e+005	1.89410472078454e+004,-1.11961596765631e+003
1.94984459975802e+005	1.89361997399636e+004,-1.16580955057460e+003
1.99526231496885e+005	1.89310791229969e+004,-1.21258843443659e+003
2.04173794466950e+005	1.89256748090244e+004,-1.25997496620821e+003
2.08929613085401e+005	1.89199756787707e+004,-1.30799165060984e+003
2.13796208950220e+005	1.89139700208759e+004,-1.35666115002248e+003
2.18776162394952e+005	1.89076455101825e+004,-1.40600628369577e+003
2.23872113856831e+005	1.89009891850187e+004,-1.45605002620220e+003
2.29086765276774e+005	1.88939874234549e+004,-1.50681550508184e+003
2.34422881531989e+005	1.88866259185204e+004,-1.55832599759490e+003
2.39883291901946e+005	1.88788896523490e+004,-1.61060492655334e+003
2.45470891568500e+005	1.88707628692452e+004,-1.66367585513372e+003
2.51188643150955e+005	1.88622290476467e+004,-1.71756248059715e+003
2.57039578276883e+005	1.88532708709684e+004,-1.77228862685443e+003
2.63026799189535e+005	1.88438701973113e+004,-1.82787823577920e+003
2.69153480392688e+005	1.88340080280264e+004,-1.88435535716983e+003
2.75422870333813e+005	1.88236644751139e+004,-1.94174413730228e+003
2.81838293126442e+005	1.88128187274591e+004,-2.00006880592313e+003
2.88403150312657e+005	1.88014490158895e+004,-2.05935366161983e+003
2.95120922666635e+005	1.87895325770544e+004,-2.11962305543313e+003
3.01995172040197e+005	1.87770456161310e+004,-2.18090137258812e+003
3.09029543251355e+005	1.87639632683510e+004,-2.24321301224729e+003
3.16227766016834e+005	1.87502595593721e+004,-2.30658236511342e+003
3.23593656929624e+005	1.87359073644944e+004,-2.37103378878506e+003
3.31131121482586e+005	1.87208783667604e+004,-2.43659158066700e+003
3.38844156139198e+005	1.87051430139473e+004,-2.50327994833917e+003
3.46736850452527e+005	1.86886704745012e+004,-2.57112297718237e+003
3.54813389233570e+005	1.86714285924570e+004,-2.64014459508811e+003
3.63078054770096e+005	1.86533838413851e+004,-2.71036853411669e+003
3.71535229097167e+005	1.86345012774468e+004,-2.78181828885947e+003
3.80189396320556e+005	1.86147444916157e+004,-2.85451707136822e+003
3.89045144994275e+005	1.85940755611659e+004,-2.92848776240813e+003
3.98107170553492e+005	1.85724550005233e+004,-3.00375285884200e+003
4.07380277804107e+005	1.85498417115958e+004,-3.08033441693261e+003
4.16869383470329e+005	1.85261929337144e+004,-3.15825399133069e+003
4.26579518801586e+005	1.85014641933405e+004,-3.23753256951791e+003
4.36515832240160e+005	1.84756092537062e+004,-3.31819050145974e+003
4.46683592150957e+005	1.84485800645722e+004,-3.40024742425440e+003
4.57088189614868e+005	1.84203267123314e+004,-3.48372218147701e+003
4.67735141287191e+005	1.83907973706826e+004,-3.56863273701007e+003
4.78630092322631e+005	1.83599382521424e+004,-3.65499608308424e+003
4.89778819368439e+005	1.83276935606945e+004,-3.74282814225721e+003
5.01187233627265e+005	1.82940054458855e+004,-3.83214366310441e+003
5.12861383991357e+005	1.82588139587357e+004,-3.92295610931979e+003
5.24807460249765e+005	1.82220570098483e+004,-4.01527754199854e+003
5.37031796370245e+005	1.81836703301402e+004,-4.10911849483833e+003
5.49540873857616e+005	1.81435874346623e+004,-4.20448784202035e+003
5.62341325190341e+005	1.81017395900118e+004,-4.30139265853312e+003
5.75439937337148e+005	1.80580557858879e+004,-4.39983807271202e+003
5.88843655355580e+005	1.80124627113857e+004,-4.49982711078863e+003
6.02559586074349e+005	1.79648847366452e+004,-4.60136053330597e+003
6.16595001861473e+005	1.79152439005884e+004,-4.70443666316199e+003
6.30957344480184e+005	1.78634599054281e+004,-4.80905120524693e+003
6.45654229034646e+005	1.78094501187724e+004,-4.91519705752354e+003
6.60693448007586e+005	1.77531295841721e+004,-5.02286411348676e+003
6.76082975391971e+005	1.76944110409624e+004,-5.13203905607507e+003
6.91830970918926e+005	1.76332049543932e+004,-5.24270514300324e+003
7.07945784384127e+005	1.75694195570300e+004,-5.35484198365935e+003
7.24435960074979e+005	1.75029609024509e+004,-5.46842530779315e+003
7.41310241300906e+005	1.74337329324081e+004,-5.58342672614849e+003
7.58577575029172e+005	1.73616375585394e+004,-5.69981348349068e+003
7.76247116628680e+005	1.72865747598370e+004,-5.81754820444719e+003
7.94328234724269e+005	1.72084426971721e+004,-5.93658863262367e+003
8.12830516164087e+005	1.71271378460344e+004,-6.05688736380825e+003
8.31763771102658e+005	1.70425551489109e+004,-6.17839157388802e+003
8.51138038202363e+005	1.69545881885257e+004,-6.30104274252625e+003
8.70963589956067e+005	1.68631293833168e+004,-6.42477637361233e+003
8.91250938133732e+005	1.67680702065021e+004,-6.54952171368250e+003
9.12010839355895e+005	1.66693014299883e+004,-6.67520146977982e+003
9.33254300796976e+005	1.65667133944982e+004,-6.80173152822090e+003
9.54992586021421e+005	1.64601963070674e+004,-6.92902067612246e+003
9.77237220955795e+005	1.63496405672083e+004,-7.05697032750760e+003
1.00000000000000e+006	1.62349371227567e+004,-7.18547425622479e+003
