
0.000000000000000e+000,	1.440920e-012
1.000000000000000e-001,	4.838989e-004
2.000000000000000e-001,	9.478651e-004
3.000000000000000e-001,	1.391863e-003
4.000000000000000e-001,	1.815856e-003
5.000000000000000e-001,	2.219808e-003
6.000000000000000e-001,	2.603682e-003
7.000000000000000e-001,	2.967444e-003
7.999999999999999e-001,	3.311056e-003
8.999999999999999e-001,	3.634481e-003
9.999999999999999e-001,	3.937683e-003
1.100000000000000e+000,	4.220625e-003
1.200000000000000e+000,	4.483270e-003
1.300000000000000e+000,	4.725582e-003
1.400000000000000e+000,	4.947524e-003
1.500000000000000e+000,	5.149057e-003
1.600000000000000e+000,	5.330144e-003
1.700000000000000e+000,	5.490750e-003
1.800000000000001e+000,	5.630835e-003
1.900000000000001e+000,	5.750363e-003
2.000000000000000e+000,	5.849296e-003
2.100000000000001e+000,	5.927595e-003
2.200000000000001e+000,	5.985223e-003
2.300000000000001e+000,	6.022143e-003
2.400000000000001e+000,	6.038315e-003
2.500000000000001e+000,	6.040018e-003
2.600000000000001e+000,	6.041214e-003
2.700000000000001e+000,	6.042410e-003
2.800000000000001e+000,	6.043606e-003
2.900000000000001e+000,	6.044802e-003
3.000000000000001e+000,	6.045998e-003
3.100000000000001e+000,	6.047193e-003
3.200000000000002e+000,	6.048390e-003
3.300000000000002e+000,	6.049586e-003
3.400000000000002e+000,	6.050781e-003
3.500000000000002e+000,	6.051977e-003
3.600000000000002e+000,	6.053173e-003
3.700000000000002e+000,	6.054369e-003
3.800000000000002e+000,	6.055565e-003
3.900000000000002e+000,	6.056761e-003
4.000000000000002e+000,	6.057957e-003
4.100000000000001e+000,	6.059153e-003
4.200000000000001e+000,	6.060349e-003
4.300000000000001e+000,	6.061545e-003
4.400000000000000e+000,	6.062741e-003
4.500000000000000e+000,	6.063937e-003
4.600000000000000e+000,	6.065133e-003
4.699999999999999e+000,	6.066329e-003
4.799999999999999e+000,	6.067525e-003
4.899999999999999e+000,	6.068720e-003
5.000000000000000e+000,	6.069916e-003
