0.000000000000000e+000,	0.000000e+000
1.000000000000000e-001,	6.847276e-004
2.000000000000000e-001,	1.349883e-003
3.000000000000000e-001,	1.995431e-003
4.000000000000000e-001,	2.621337e-003
5.000000000000000e-001,	3.227565e-003
6.000000000000000e-001,	3.814081e-003
7.000000000000000e-001,	4.380850e-003
7.999999999999999e-001,	4.927834e-003
8.999999999999999e-001,	5.455000e-003
9.999999999999999e-001,	5.962312e-003
1.100000000000000e+000,	6.449734e-003
1.200000000000000e+000,	6.917230e-003
1.300000000000000e+000,	7.364764e-003
1.400000000000000e+000,	7.792301e-003
1.500000000000000e+000,	8.199804e-003
1.600000000000000e+000,	8.587236e-003
1.700000000000000e+000,	8.954562e-003
1.800000000000001e+000,	9.301746e-003
1.900000000000001e+000,	9.628750e-003
2.000000000000000e+000,	9.935539e-003
2.100000000000001e+000,	1.022208e-002
2.200000000000001e+000,	1.048832e-002
2.300000000000001e+000,	1.073424e-002
2.400000000000001e+000,	1.095980e-002
2.500000000000001e+000,	1.116496e-002
2.600000000000001e+000,	1.134968e-002
2.700000000000001e+000,	1.151393e-002
2.800000000000001e+000,	1.165766e-002
2.900000000000001e+000,	1.178085e-002
3.000000000000001e+000,	1.188344e-002
3.100000000000001e+000,	1.196541e-002
3.200000000000002e+000,	1.202672e-002
3.300000000000002e+000,	1.206733e-002
3.400000000000002e+000,	1.208720e-002
3.500000000000002e+000,	1.209080e-002
3.600000000000002e+000,	1.209319e-002
3.700000000000002e+000,	1.209557e-002
3.800000000000002e+000,	1.209795e-002
3.900000000000002e+000,	1.210034e-002
4.000000000000002e+000,	1.210272e-002
4.100000000000001e+000,	1.210511e-002
4.200000000000001e+000,	1.210749e-002
4.300000000000001e+000,	1.210988e-002
4.400000000000000e+000,	1.211226e-002
4.500000000000000e+000,	1.211464e-002
4.600000000000000e+000,	1.211703e-002
4.699999999999999e+000,	1.211941e-002
4.799999999999999e+000,	1.212180e-002
4.899999999999999e+000,	1.212418e-002
5.000000000000000e+000,	1.212657e-002
