time	V(v2)	V(vout)
0.000000000000000e+000	0.000000e+000	1.097027e-004
1.804151767661974e-009	1.133803e-003	1.096484e-004
3.608303535323949e-009	2.267105e-003	1.097304e-004
5.412455302985923e-009	3.399904e-003	1.099487e-004
7.216607070647897e-009	4.532201e-003	1.103034e-004
9.020758838309872e-009	5.663995e-003	1.107943e-004
1.082491060597185e-008	6.795287e-003	1.114217e-004
1.262906237363382e-008	7.926078e-003	1.121853e-004
1.555874987363382e-008	9.759461e-003	1.141897e-004
1.848843737363381e-008	1.158954e-002	1.170973e-004
2.141812487363381e-008	1.341568e-002	1.211034e-004
2.434781237363381e-008	1.523729e-002	1.264197e-004
2.727749987363381e-008	1.705373e-002	1.332760e-004
3.020718737363381e-008	1.886439e-002	1.419212e-004
3.313687487363381e-008	2.066866e-002	1.526229e-004
3.606656237363380e-008	2.246593e-002	1.656673e-004
3.899624987363380e-008	2.425558e-002	1.813582e-004
4.192593737363380e-008	2.603702e-002	2.000158e-004
4.485562487363380e-008	2.780963e-002	2.219753e-004
4.778531237363380e-008	2.957282e-002	2.475847e-004
5.071499987363380e-008	3.132599e-002	2.772038e-004
5.364468737363380e-008	3.306855e-002	3.112013e-004
5.657437487363379e-008	3.479990e-002	3.499534e-004
5.950406237363379e-008	3.651946e-002	3.938411e-004
6.243374987363380e-008	3.822665e-002	4.432489e-004
6.536343737363380e-008	3.992088e-002	4.985618e-004
6.829312487363381e-008	4.160158e-002	5.601639e-004
7.122281237363381e-008	4.326819e-002	6.284359e-004
7.415249987363382e-008	4.492014e-002	7.037533e-004
7.708218737363382e-008	4.655687e-002	7.864845e-004
8.001187487363383e-008	4.817782e-002	8.769886e-004
8.294156237363383e-008	4.978245e-002	9.756144e-004
8.587124987363384e-008	5.137021e-002	1.082698e-003
8.880093737363384e-008	5.294057e-002	1.198560e-003
9.173062487363385e-008	5.449299e-002	1.323508e-003
9.466031237363385e-008	5.602694e-002	1.457831e-003
9.758999987363386e-008	5.754191e-002	1.601798e-003
1.005196873736339e-007	5.903738e-002	1.755659e-003
1.034493748736339e-007	6.051284e-002	1.919646e-003
1.063790623736339e-007	6.196781e-002	2.093964e-003
1.093087498736339e-007	6.340177e-002	2.278798e-003
1.151681248736339e-007	6.620478e-002	2.680630e-003
1.210274998736339e-007	6.891806e-002	3.126117e-003
1.268868748736339e-007	7.153794e-002	3.615814e-003
1.327462498736339e-007	7.406088e-002	4.149836e-003
1.356759373736338e-007	7.528491e-002	4.433380e-003
1.386056248736338e-007	7.648344e-002	4.727842e-003
1.415353123736338e-007	7.765605e-002	5.033109e-003
1.444649998736338e-007	7.880235e-002	5.349037e-003
1.473946873736338e-007	7.992195e-002	5.675452e-003
1.503243748736338e-007	8.101447e-002	6.012155e-003
1.532540623736338e-007	8.207953e-002	6.358914e-003
1.561837498736338e-007	8.311678e-002	6.715470e-003
1.591134373736338e-007	8.412588e-002	7.081538e-003
1.620431248736338e-007	8.510646e-002	7.456801e-003
1.649728123736338e-007	8.605821e-002	7.840917e-003
1.679024998736338e-007	8.698080e-002	8.233516e-003
1.708321873736337e-007	8.787392e-002	8.634202e-003
1.737618748736337e-007	8.873726e-002	9.042553e-003
1.766915623736337e-007	8.957054e-002	9.458119e-003
1.796212498736337e-007	9.037347e-002	9.880430e-003
1.825509373736337e-007	9.114577e-002	1.030899e-002
1.854806248736337e-007	9.188719e-002	1.074328e-002
1.884103123736337e-007	9.259748e-002	1.118275e-002
1.913399998736337e-007	9.327639e-002	1.162685e-002
1.942696873736337e-007	9.392370e-002	1.207498e-002
1.971993748736337e-007	9.453917e-002	1.252655e-002
2.030587498736337e-007	9.567384e-002	1.343751e-002
2.089181248736336e-007	9.667884e-002	1.435453e-002
2.147774998736336e-007	9.755282e-002	1.527222e-002
2.206368748736336e-007	9.829459e-002	1.618494e-002
2.235665623736336e-007	9.861559e-002	1.663764e-002
2.264962498736336e-007	9.890316e-002	1.708692e-002
2.294259373736336e-007	9.915721e-002	1.753204e-002
2.323556248736336e-007	9.937768e-002	1.797225e-002
2.352853123736336e-007	9.956447e-002	1.840681e-002
2.382149998736336e-007	9.971753e-002	1.883495e-002
2.411446873736336e-007	9.983680e-002	1.925594e-002
2.440743748736336e-007	9.992223e-002	1.966901e-002
2.470040623736336e-007	9.997381e-002	2.007341e-002
2.499337498736336e-007	9.999152e-002	2.046840e-002
2.528634373736336e-007	9.997535e-002	2.085323e-002
2.587228123736337e-007	9.984139e-002	2.158948e-002
2.645821873736337e-007	9.957212e-002	2.227636e-002
2.733712498736338e-007	9.891537e-002	2.320183e-002
2.792306248736338e-007	9.830983e-002	2.374106e-002
2.850899998736338e-007	9.757106e-002	2.421216e-002
2.909493748736339e-007	9.670006e-002	2.461039e-002
2.968087498736339e-007	9.569800e-002	2.493131e-002
2.997384373736339e-007	9.514825e-002	2.506151e-002
3.026681248736339e-007	9.456626e-002	2.517091e-002
3.085274998736340e-007	9.330635e-002	2.532555e-002
3.143868748736340e-007	9.191999e-002	2.539204e-002
3.202462498736340e-007	9.040906e-002	2.536766e-002
3.231759373736341e-007	8.960751e-002	2.532067e-002
3.290353123736341e-007	8.791362e-002	2.515593e-002
3.332205802307770e-007	8.662813e-002	2.497986e-002
3.374058480879199e-007	8.528517e-002	2.475454e-002
3.415911159450628e-007	8.388476e-002	2.447995e-002
3.457763838022057e-007	8.242688e-002	2.415611e-002
3.499616516593485e-007	8.091154e-002	2.378300e-002
3.541469195164914e-007	7.933873e-002	2.336064e-002
3.583321873736343e-007	7.770847e-002	2.288902e-002
3.650286159450629e-007	7.497941e-002	2.202194e-002
3.717250445164915e-007	7.213087e-002	2.104591e-002
3.784214730879201e-007	6.916284e-002	1.996093e-002
3.851179016593487e-007	6.607532e-002	1.876699e-002
3.918143302307774e-007	6.286832e-002	1.746409e-002
3.985107588022060e-007	5.954184e-002	1.605223e-002
4.052071873736346e-007	5.609587e-002	1.453141e-002
4.110665623736346e-007	5.300014e-002	1.312666e-002
4.169259373736346e-007	4.984352e-002	1.167799e-002
4.227853123736347e-007	4.662601e-002	1.018540e-002
4.286446873736347e-007	4.334762e-002	8.648910e-003
4.345040623736348e-007	4.000833e-002	7.068503e-003
4.403634373736348e-007	3.660816e-002	5.444185e-003
4.462228123736348e-007	3.314710e-002	3.775955e-003
4.487339730879206e-007	3.165363e-002	3.060348e-003
4.512451338022063e-007	3.015321e-002	2.343179e-003
4.537562945164920e-007	2.864586e-002	1.624450e-003
4.562674552307778e-007	2.713157e-002	9.041588e-004
4.587786159450635e-007	2.561033e-002	1.823069e-004
4.612897766593492e-007	2.408215e-002	-5.411062e-004
4.638009373736349e-007	2.254704e-002	-1.266081e-003
4.667306248736350e-007	2.075010e-002	-2.109522e-003
4.696603123736350e-007	1.894614e-002	-2.951372e-003
4.725899998736350e-007	1.713575e-002	-3.790707e-003
4.784493748736350e-007	1.349817e-002	-5.458163e-003
4.843087498736349e-007	9.842305e-003	-7.104621e-003
4.930978123736348e-007	4.335046e-003	-9.519420e-003
5.018868748736347e-007	-1.185430e-003	-1.184784e-002
5.077462498736346e-007	-4.864779e-003	-1.334128e-002
5.106759373736346e-007	-6.702292e-003	-1.406803e-002
5.165353123736345e-007	-1.036988e-002	-1.547795e-002
5.223946873736345e-007	-1.402342e-002	-1.682519e-002
5.311837498736344e-007	-1.946656e-002	-1.871739e-002
5.370431248736343e-007	-2.306336e-002	-1.988639e-002
5.399728123736343e-007	-2.485034e-002	-2.044161e-002
5.429024998736342e-007	-2.662890e-002	-2.097670e-002
5.458321873736342e-007	-2.839844e-002	-2.149123e-002
5.487618748736341e-007	-3.015835e-002	-2.198482e-002
5.546212498736341e-007	-3.364694e-002	-2.290776e-002
5.604806248736340e-007	-3.708992e-002	-2.374309e-002
5.634103123736340e-007	-3.879286e-002	-2.412729e-002
5.663399998736339e-007	-4.048264e-002	-2.448891e-002
5.692696873736339e-007	-4.215871e-002	-2.482782e-002
5.721993748736339e-007	-4.382050e-002	-2.514389e-002
5.780587498736338e-007	-4.709897e-002	-2.570723e-002
5.839181248736337e-007	-5.031361e-002	-2.617870e-002
5.897774998736337e-007	-5.346006e-002	-2.655865e-002
5.927071873736336e-007	-5.500638e-002	-2.671456e-002
5.956368748736336e-007	-5.653406e-002	-2.684795e-002
5.985665623736336e-007	-5.804259e-002	-2.695903e-002
6.014962498736335e-007	-5.953145e-002	-2.704802e-002
6.044259373736335e-007	-6.100013e-002	-2.711518e-002
6.102853123736334e-007	-6.387501e-002	-2.718520e-002
6.132149998736334e-007	-6.528023e-002	-2.718873e-002
6.161446873736334e-007	-6.666332e-002	-2.717177e-002
6.190743748736333e-007	-6.802383e-002	-2.713473e-002
6.220040623736333e-007	-6.936129e-002	-2.707806e-002
6.249337498736332e-007	-7.067525e-002	-2.700221e-002
6.278634373736332e-007	-7.196526e-002	-2.690767e-002
6.307931248736332e-007	-7.323088e-002	-2.679497e-002
6.337228123736331e-007	-7.447170e-002	-2.666463e-002
6.366524998736331e-007	-7.568727e-002	-2.651722e-002
6.395821873736331e-007	-7.687721e-002	-2.635333e-002
6.425118748736330e-007	-7.804109e-002	-2.617356e-002
6.483712498736330e-007	-8.028915e-002	-2.576889e-002
6.542306248736329e-007	-8.242840e-002	-2.530841e-002
6.600899998736328e-007	-8.445592e-002	-2.479757e-002
6.659493748736328e-007	-8.636900e-002	-2.424203e-002
6.718087498736327e-007	-8.816503e-002	-2.364761e-002
6.776681248736326e-007	-8.984157e-002	-2.302026e-002
6.835274998736326e-007	-9.139635e-002	-2.236598e-002
6.893868748736325e-007	-9.282728e-002	-2.169083e-002
6.952462498736324e-007	-9.413240e-002	-2.100082e-002
7.011056248736323e-007	-9.530995e-002	-2.030192e-002
7.069649998736323e-007	-9.635833e-002	-1.959999e-002
7.128243748736322e-007	-9.727613e-002	-1.890073e-002
7.186837498736321e-007	-9.806209e-002	-1.820964e-002
7.245431248736321e-007	-9.871516e-002	-1.753200e-002
7.304024998736320e-007	-9.923445e-002	-1.687281e-002
7.362618748736319e-007	-9.961924e-002	-1.623675e-002
7.450509373736318e-007	-9.994319e-002	-1.533542e-002
7.538399998736317e-007	-9.996243e-002	-1.450883e-002
7.626290623736316e-007	-9.967689e-002	-1.376789e-002
7.714181248736315e-007	-9.908746e-002	-1.312120e-002
7.743478123736315e-007	-9.882344e-002	-1.292751e-002
7.772774998736314e-007	-9.852622e-002	-1.274540e-002
7.802071873736314e-007	-9.819579e-002	-1.257489e-002
7.831368748736314e-007	-9.783217e-002	-1.241596e-002
7.860665623736313e-007	-9.743535e-002	-1.226862e-002
7.889962498736313e-007	-9.700533e-002	-1.213288e-002
7.919259373736313e-007	-9.654211e-002	-1.200872e-002
7.948556248736312e-007	-9.604650e-002	-1.189638e-002
7.977853123736312e-007	-9.551834e-002	-1.179567e-002
8.007149998736312e-007	-9.495782e-002	-1.170649e-002
8.036446873736311e-007	-9.436513e-002	-1.162873e-002
8.065743748736311e-007	-9.374046e-002	-1.156224e-002
8.095040623736311e-007	-9.308402e-002	-1.150683e-002
8.124337498736310e-007	-9.239605e-002	-1.146229e-002
8.153634373736310e-007	-9.167677e-002	-1.142839e-002
8.182931248736310e-007	-9.092642e-002	-1.140485e-002
8.212228123736309e-007	-9.014527e-002	-1.139137e-002
8.241524998736309e-007	-8.933357e-002	-1.138762e-002
8.270821873736309e-007	-8.849160e-002	-1.139325e-002
8.329415623736308e-007	-8.671801e-002	-1.143109e-002
8.388009373736307e-007	-8.482689e-002	-1.150152e-002
8.446603123736306e-007	-8.282082e-002	-1.160080e-002
8.505196873736306e-007	-8.070250e-002	-1.172481e-002
8.563790623736305e-007	-7.847482e-002	-1.186913e-002
8.622384373736304e-007	-7.614078e-002	-1.202904e-002
8.680978123736304e-007	-7.370355e-002	-1.219958e-002
8.710274998736303e-007	-7.244727e-002	-1.228723e-002
8.739571873736303e-007	-7.116644e-002	-1.237559e-002
8.768868748736303e-007	-6.986149e-002	-1.246397e-002
8.798165623736302e-007	-6.853288e-002	-1.255172e-002
8.827462498736302e-007	-6.718104e-002	-1.263813e-002
8.856759373736302e-007	-6.580644e-002	-1.272252e-002
8.886056248736301e-007	-6.440954e-002	-1.280421e-002
8.915353123736301e-007	-6.299082e-002	-1.288248e-002
8.944649998736301e-007	-6.155076e-002	-1.295666e-002
8.973946873736300e-007	-6.008983e-002	-1.302604e-002
9.003243748736300e-007	-5.860855e-002	-1.308993e-002
9.032540623736300e-007	-5.710741e-002	-1.314765e-002
9.061837498736299e-007	-5.558692e-002	-1.319852e-002
9.091134373736299e-007	-5.404760e-002	-1.324185e-002
9.120431248736298e-007	-5.248995e-002	-1.327699e-002
9.149728123736298e-007	-5.091453e-002	-1.330327e-002
9.179024998736298e-007	-4.932185e-002	-1.332005e-002
9.208321873736297e-007	-4.771247e-002	-1.332670e-002
9.237618748736297e-007	-4.608691e-002	-1.332259e-002
9.266915623736297e-007	-4.444574e-002	-1.330713e-002
9.296212498736296e-007	-4.278951e-002	-1.327972e-002
9.325509373736296e-007	-4.111878e-002	-1.323979e-002
9.354806248736296e-007	-3.943412e-002	-1.318679e-002
9.384103123736295e-007	-3.773610e-002	-1.312019e-002
9.442696873736295e-007	-3.430227e-002	-1.294418e-002
9.501290623736294e-007	-3.082195e-002	-1.270794e-002
9.589181248736293e-007	-2.552465e-002	-1.223334e-002
9.677071873736292e-007	-2.014953e-002	-1.160599e-002
9.764962498736291e-007	-1.471298e-002	-1.081860e-002
9.852853123736290e-007	-9.231563e-003	-9.866398e-003
9.940743748736289e-007	-3.722005e-003	-8.747287e-003
1.002863437373629e-006	1.798901e-003	-7.461946e-003
1.011652499873629e-006	7.314323e-003	-6.013855e-003
1.020441562373629e-006	1.280744e-002	-4.409310e-003
1.026300937373629e-006	1.644886e-002	-3.257053e-003
1.032160312373628e-006	2.006799e-002	-2.042576e-003
1.035089999873628e-006	2.186766e-002	-1.413191e-003
1.038019687373628e-006	2.365991e-002	-7.697366e-004
1.040949374873628e-006	2.544416e-002	-1.127709e-004
1.043879062373628e-006	2.721978e-002	5.571184e-004
1.049738437373628e-006	3.074275e-002	1.933177e-003
1.058527499873628e-006	3.594762e-002	4.077928e-003
1.064386874873628e-006	3.935761e-002	5.553156e-003
1.070246249873628e-006	4.271426e-002	7.057521e-003
1.076105624873628e-006	4.601302e-002	8.584514e-003
1.079035312373628e-006	4.763930e-002	9.354386e-003
1.081964999873628e-006	4.924943e-002	1.012735e-002
1.084894687373628e-006	5.084287e-002	1.090253e-002
1.090754062373628e-006	5.397754e-002	1.245594e-002
1.099543124873628e-006	5.854109e-002	1.477999e-002
1.108332187373628e-006	6.292615e-002	1.707454e-002
1.114191562373628e-006	6.574374e-002	1.857542e-002
1.120050937373627e-006	6.847224e-002	2.004458e-002
1.122980624873627e-006	6.980191e-002	2.076496e-002
1.125910312373627e-006	7.110794e-002	2.147467e-002
1.128839999873627e-006	7.238987e-002	2.217280e-002
1.134699374873627e-006	7.487971e-002	2.353081e-002
1.143488437373627e-006	7.842319e-002	2.545928e-002
1.152277499873627e-006	8.172758e-002	2.723780e-002
1.158136874873627e-006	8.379266e-002	2.832987e-002
1.161066562373627e-006	8.478279e-002	2.884565e-002
1.166925937373627e-006	8.667654e-002	2.981336e-002
1.170692678445055e-006	8.783351e-002	3.039114e-002
1.174459419516484e-006	8.893982e-002	3.092814e-002
1.178226160587913e-006	8.999547e-002	3.142434e-002
1.181992901659341e-006	9.100046e-002	3.187975e-002
1.185759642730770e-006	9.195478e-002	3.229436e-002
1.189526383802198e-006	9.285845e-002	3.266818e-002
1.193293124873627e-006	9.371145e-002	3.300121e-002
1.196222812373627e-006	9.433802e-002	3.322867e-002
1.199152499873626e-006	9.493216e-002	3.342884e-002
1.202082187373626e-006	9.549386e-002	3.360174e-002
1.205011874873626e-006	9.602313e-002	3.374735e-002
1.207941562373626e-006	9.651996e-002	3.386568e-002
1.210871249873626e-006	9.698435e-002	3.395674e-002
1.213800937373626e-006	9.741630e-002	3.402051e-002
1.222589999873626e-006	9.851229e-002	3.404428e-002
1.225519687373626e-006	9.881102e-002	3.399680e-002
1.228449374873626e-006	9.907626e-002	3.392174e-002
1.234308749873626e-006	9.950595e-002	3.368942e-002
1.240168124873626e-006	9.980080e-002	3.334878e-002
1.248957187373626e-006	9.998938e-002	3.263943e-002
1.257746249873626e-006	9.987312e-002	3.170059e-002
1.266535312373626e-006	9.945236e-002	3.054451e-002
1.275324374873626e-006	9.872838e-002	2.918605e-002
1.284113437373625e-006	9.770340e-002	2.764249e-002
1.292902499873625e-006	9.638053e-002	2.593325e-002
1.301691562373625e-006	9.476382e-002	2.407961e-002
1.310480624873625e-006	9.285819e-002	2.210437e-002
1.319269687373625e-006	9.066945e-002	2.003152e-002
1.328058749873625e-006	8.820426e-002	1.788587e-002
1.336847812373625e-006	8.547017e-002	1.569266e-002
1.345636874873625e-006	8.247548e-002	1.347720e-002
1.354425937373625e-006	7.922935e-002	1.126447e-002
1.360285312373625e-006	7.692175e-002	9.787415e-003
1.366144687373625e-006	7.451844e-002	8.345094e-003
1.372004062373624e-006	7.201941e-002	6.937511e-003
1.377863437373624e-006	6.942465e-002	5.564665e-003
1.383722812373624e-006	6.673418e-002	4.226555e-003
1.389582187373624e-006	6.394799e-002	2.923184e-003
1.395441562373624e-006	6.106607e-002	1.654549e-003
1.401300937373624e-006	5.811035e-002	4.544034e-004
1.404230624873624e-006	5.660271e-002	-1.241050e-004
1.407160312373624e-006	5.507588e-002	-6.875671e-004
1.410089999873624e-006	5.353039e-002	-1.235520e-003
1.413019687373624e-006	5.196676e-002	-1.767534e-003
1.415949374873624e-006	5.038553e-002	-2.283213e-003
1.418879062373624e-006	4.878722e-002	-2.782194e-003
1.421808749873624e-006	4.717238e-002	-3.264150e-003
1.424738437373624e-006	4.554156e-002	-3.728786e-003
1.427668124873624e-006	4.389531e-002	-4.175846e-003
1.430597812373624e-006	4.223418e-002	-4.605107e-003
1.433527499873624e-006	4.055875e-002	-5.016382e-003
1.436457187373624e-006	3.886957e-002	-5.409520e-003
1.439386874873624e-006	3.716722e-002	-5.784406e-003
1.442316562373624e-006	3.545228e-002	-6.140961e-003
1.445246249873624e-006	3.372532e-002	-6.479143e-003
1.448175937373624e-006	3.198694e-002	-6.798943e-003
1.451105624873624e-006	3.023771e-002	-7.100390e-003
1.454035312373623e-006	2.847825e-002	-7.383549e-003
1.456964999873623e-006	2.670913e-002	-7.648517e-003
1.459894687373623e-006	2.493096e-002	-7.895430e-003
1.462824374873623e-006	2.314435e-002	-8.124452e-003
1.465754062373623e-006	2.134989e-002	-8.335788e-003
1.468683749873623e-006	1.954820e-002	-8.529671e-003
1.471613437373623e-006	1.773989e-002	-8.706370e-003
1.474543124873623e-006	1.592556e-002	-8.866185e-003
1.477472812373623e-006	1.410584e-002	-9.009445e-003
1.480402499873623e-006	1.228134e-002	-9.136512e-003
1.483332187373623e-006	1.045268e-002	-9.247777e-003
1.486261874873623e-006	8.620473e-003	-9.343659e-003
1.489191562373623e-006	6.785348e-003	-9.424604e-003
1.492121249873623e-006	4.947924e-003	-9.491088e-003
1.495050937373623e-006	3.108823e-003	-9.543611e-003
1.497980624873623e-006	1.268669e-003	-9.582695e-003
1.500910312373623e-006	-5.719146e-004	-9.608889e-003
1.503839999873623e-006	-2.412305e-003	-9.622764e-003
1.506769687373623e-006	-4.251877e-003	-9.624909e-003
1.509699374873623e-006	-6.090009e-003	-9.615934e-003
1.512629062373623e-006	-7.926078e-003	-9.596472e-003
1.515558749873623e-006	-9.759461e-003	-9.567166e-003
1.518488437373623e-006	-1.158954e-002	-9.528679e-003
1.521418124873623e-006	-1.341568e-002	-9.481687e-003
1.524347812373623e-006	-1.523729e-002	-9.426881e-003
1.527277499873623e-006	-1.705373e-002	-9.364959e-003
1.530207187373623e-006	-1.886439e-002	-9.296633e-003
1.533136874873623e-006	-2.066866e-002	-9.222624e-003
1.536066562373623e-006	-2.246593e-002	-9.143656e-003
1.538996249873622e-006	-2.425558e-002	-9.060463e-003
1.541925937373622e-006	-2.603702e-002	-8.973779e-003
1.544855624873622e-006	-2.780963e-002	-8.884344e-003
1.547785312373622e-006	-2.957282e-002	-8.792896e-003
1.550714999873622e-006	-3.132599e-002	-8.700173e-003
1.553644687373622e-006	-3.306855e-002	-8.606913e-003
1.556574374873622e-006	-3.479990e-002	-8.513848e-003
1.559504062373622e-006	-3.651946e-002	-8.421706e-003
1.562433749873622e-006	-3.822665e-002	-8.331208e-003
1.565363437373622e-006	-3.992088e-002	-8.243065e-003
1.568293124873622e-006	-4.160158e-002	-8.157982e-003
1.571222812373622e-006	-4.326819e-002	-8.076649e-003
1.574152499873622e-006	-4.492014e-002	-7.999746e-003
1.577082187373622e-006	-4.655687e-002	-7.927937e-003
1.580011874873622e-006	-4.817782e-002	-7.861872e-003
1.582941562373622e-006	-4.978245e-002	-7.802186e-003
1.585871249873622e-006	-5.137021e-002	-7.749490e-003
1.588800937373622e-006	-5.294057e-002	-7.704383e-003
1.591730624873622e-006	-5.449299e-002	-7.667436e-003
1.594660312373622e-006	-5.602694e-002	-7.639205e-003
1.597589999873622e-006	-5.754191e-002	-7.620217e-003
1.603449374873622e-006	-6.051284e-002	-7.611970e-003
1.606379062373622e-006	-6.196781e-002	-7.623645e-003
1.609308749873622e-006	-6.340177e-002	-7.646429e-003
1.612238437373622e-006	-6.481425e-002	-7.680722e-003
1.615168124873622e-006	-6.620478e-002	-7.726891e-003
1.618097812373622e-006	-6.757287e-002	-7.785276e-003
1.621027499873622e-006	-6.891806e-002	-7.856185e-003
1.623957187373621e-006	-7.023990e-002	-7.939895e-003
1.626886874873621e-006	-7.153794e-002	-8.036651e-003
1.629816562373621e-006	-7.281175e-002	-8.146663e-003
1.632746249873621e-006	-7.406088e-002	-8.270112e-003
1.635675937373621e-006	-7.528491e-002	-8.407142e-003
1.638605624873621e-006	-7.648344e-002	-8.557863e-003
1.641535312373621e-006	-7.765605e-002	-8.722351e-003
1.644464999873621e-006	-7.880235e-002	-8.900649e-003
1.647394687373621e-006	-7.992195e-002	-9.092762e-003
1.650324374873621e-006	-8.101447e-002	-9.298662e-003
1.653254062373621e-006	-8.207953e-002	-9.518285e-003
1.656183749873621e-006	-8.311678e-002	-9.751532e-003
1.659113437373621e-006	-8.412588e-002	-9.998269e-003
1.662043124873621e-006	-8.510646e-002	-1.025833e-002
1.664972812373621e-006	-8.605821e-002	-1.053150e-002
1.667902499873621e-006	-8.698080e-002	-1.081755e-002
1.670832187373621e-006	-8.787392e-002	-1.111621e-002
1.673761874873621e-006	-8.873726e-002	-1.142716e-002
1.676691562373621e-006	-8.957054e-002	-1.175007e-002
1.679621249873621e-006	-9.037347e-002	-1.208457e-002
1.682550937373621e-006	-9.114577e-002	-1.243024e-002
1.685480624873621e-006	-9.188719e-002	-1.278666e-002
1.688410312373621e-006	-9.259748e-002	-1.315335e-002
1.691339999873621e-006	-9.327639e-002	-1.352982e-002
1.694269687373621e-006	-9.392370e-002	-1.391553e-002
1.697199374873621e-006	-9.453917e-002	-1.430994e-002
1.700129062373621e-006	-9.512262e-002	-1.471245e-002
1.703058749873621e-006	-9.567384e-002	-1.512247e-002
1.705988437373620e-006	-9.619264e-002	-1.553934e-002
1.708918124873620e-006	-9.667884e-002	-1.596242e-002
1.711847812373620e-006	-9.713228e-002	-1.639102e-002
1.714777499873620e-006	-9.755282e-002	-1.682444e-002
1.717707187373620e-006	-9.794030e-002	-1.726194e-002
1.723566562373620e-006	-9.861559e-002	-1.814622e-002
1.729425937373620e-006	-9.915721e-002	-1.903768e-002
1.735285312373620e-006	-9.956447e-002	-1.992991e-002
1.738214999873620e-006	-9.971753e-002	-2.037425e-002
1.741144687373620e-006	-9.983680e-002	-2.081630e-002
1.744074374873620e-006	-9.992223e-002	-2.125519e-002
1.747004062373620e-006	-9.997381e-002	-2.169007e-002
1.749933749873620e-006	-9.999152e-002	-2.212008e-002
1.752863437373620e-006	-9.997535e-002	-2.254436e-002
1.755793124873620e-006	-9.992529e-002	-2.296204e-002
1.758722812373620e-006	-9.984139e-002	-2.337225e-002
1.761652499873620e-006	-9.972365e-002	-2.377413e-002
1.764582187373620e-006	-9.957212e-002	-2.416682e-002
1.767511874873620e-006	-9.938686e-002	-2.454946e-002
1.770441562373620e-006	-9.916791e-002	-2.492120e-002
1.776300937373620e-006	-9.862931e-002	-2.562862e-002
1.782160312373620e-006	-9.795704e-002	-2.628247e-002
1.788019687373620e-006	-9.715202e-002	-2.687635e-002
1.793879062373619e-006	-9.621533e-002	-2.740410e-002
1.799738437373619e-006	-9.514825e-002	-2.785986e-002
1.805597812373619e-006	-9.395222e-002	-2.823812e-002
1.808527499873619e-006	-9.330635e-002	-2.839657e-002
1.811457187373619e-006	-9.262887e-002	-2.853375e-002
1.814386874873619e-006	-9.191999e-002	-2.864910e-002
1.817316562373619e-006	-9.117997e-002	-2.874206e-002
1.823175937373619e-006	-8.960751e-002	-2.885882e-002
1.829035312373619e-006	-8.791362e-002	-2.888030e-002
1.831964999873619e-006	-8.702184e-002	-2.885429e-002
1.834894687373619e-006	-8.610057e-002	-2.880330e-002
1.840754062373619e-006	-8.417085e-002	-2.862517e-002
1.844520803445048e-006	-8.286792e-002	-2.845665e-002
1.848287544516476e-006	-8.152053e-002	-2.824459e-002
1.852054285587905e-006	-8.012869e-002	-2.798901e-002
1.855821026659333e-006	-7.869239e-002	-2.768990e-002
1.859587767730762e-006	-7.721164e-002	-2.734726e-002
1.863354508802190e-006	-7.568644e-002	-2.696109e-002
1.867121249873619e-006	-7.411678e-002	-2.653139e-002
1.873399151659333e-006	-7.140070e-002	-2.570936e-002
1.879677053445047e-006	-6.858495e-002	-2.477762e-002
1.885954955230761e-006	-6.566954e-002	-2.373617e-002
1.892232857016475e-006	-6.265445e-002	-2.258501e-002
1.898510758802190e-006	-5.953969e-002	-2.132414e-002
1.904788660587904e-006	-5.632527e-002	-1.995356e-002
1.911066562373618e-006	-5.301117e-002	-1.847327e-002
1.916507410587904e-006	-5.007343e-002	-1.711262e-002
1.921948258802189e-006	-4.708607e-002	-1.570134e-002
1.927389107016475e-006	-4.404909e-002	-1.423943e-002
1.932829955230760e-006	-4.096250e-002	-1.272689e-002
1.938270803445046e-006	-3.782629e-002	-1.116374e-002
1.943711651659332e-006	-3.464047e-002	-9.549951e-003
1.949152499873618e-006	-3.140504e-002	-7.885540e-003
1.952082187373618e-006	-2.965083e-002	-6.981592e-003
1.955011874873618e-006	-2.788807e-002	-6.072532e-003
1.957941562373618e-006	-2.611678e-002	-5.158359e-003
1.960871249873617e-006	-2.433693e-002	-4.239074e-003
1.963800937373617e-006	-2.254855e-002	-3.314676e-003
1.966730624873617e-006	-2.075161e-002	-2.385165e-003
1.969660312373617e-006	-1.894614e-002	-1.450542e-003
1.975519687373617e-006	-1.531956e-002	4.168662e-004
1.981379062373617e-006	-1.167222e-002	2.281706e-003
1.987238437373617e-006	-8.009058e-003	4.135567e-003
1.996027499873617e-006	-2.495525e-003	6.877554e-003
2.004816562373617e-006	3.025617e-003	9.548515e-003
2.010675937373617e-006	6.702292e-003	1.127653e-002
2.013605624873617e-006	8.537535e-003	1.212189e-002
2.016535312373617e-006	1.036988e-002	1.295359e-002
2.022394687373617e-006	1.402342e-002	1.457250e-002
2.028254062373617e-006	1.765796e-002	1.612640e-002
2.037043124873617e-006	2.306336e-002	1.832140e-002
2.045832187373616e-006	2.839844e-002	2.033598e-002
2.048761874873616e-006	3.015835e-002	2.096436e-002
2.051691562373616e-006	3.190805e-002	2.157018e-002
2.057550937373616e-006	3.537443e-002	2.271205e-002
2.063410312373616e-006	3.879286e-002	2.375775e-002
2.069269687373616e-006	4.215871e-002	2.470402e-002
2.072199374873616e-006	4.382050e-002	2.513903e-002
2.075129062373616e-006	4.546744e-002	2.554824e-002
2.078058749873616e-006	4.709897e-002	2.593143e-002
2.083918124873616e-006	5.031361e-002	2.661900e-002
2.089777499873616e-006	5.346006e-002	2.720071e-002
2.095636874873616e-006	5.653406e-002	2.767616e-002
2.098566562373616e-006	5.804259e-002	2.787409e-002
2.101496249873616e-006	5.953145e-002	2.804560e-002
2.104425937373616e-006	6.100013e-002	2.819081e-002
2.107355624873616e-006	6.244815e-002	2.830990e-002
2.113214999873616e-006	6.528023e-002	2.847059e-002
2.119074374873616e-006	6.802383e-002	2.852978e-002
2.122004062373616e-006	6.936129e-002	2.852214e-002
2.124933749873616e-006	7.067525e-002	2.849020e-002
2.127863437373616e-006	7.196526e-002	2.843438e-002
2.130793124873615e-006	7.323088e-002	2.835513e-002
2.133722812373615e-006	7.447170e-002	2.825297e-002
2.136652499873615e-006	7.568727e-002	2.812842e-002
2.139582187373615e-006	7.687721e-002	2.798204e-002
2.145441562373615e-006	7.917853e-002	2.762616e-002
2.151300937373615e-006	8.137256e-002	2.719040e-002
2.157160312373615e-006	8.345629e-002	2.668023e-002
2.163019687373615e-006	8.542694e-002	2.610152e-002
2.168879062373615e-006	8.728180e-002	2.546046e-002
2.174738437373615e-006	8.901838e-002	2.476353e-002
2.180597812373615e-006	9.063432e-002	2.401746e-002
2.186457187373615e-006	9.212743e-002	2.322916e-002
2.192316562373615e-006	9.349568e-002	2.240569e-002
2.198175937373615e-006	9.473722e-002	2.155417e-002
2.204035312373615e-006	9.585038e-002	2.068179e-002
2.212824374873615e-006	9.727613e-002	1.934968e-002
2.221613437373614e-006	9.840529e-002	1.801040e-002
2.230402499873614e-006	9.923445e-002	1.668693e-002
2.239191562373614e-006	9.976104e-002	1.540106e-002
2.247980624873614e-006	9.998348e-002	1.417310e-002
2.256769687373614e-006	9.990109e-002	1.302149e-002
2.265558749873614e-006	9.951411e-002	1.196253e-002
2.274347812373614e-006	9.882374e-002	1.101012e-002
2.283136874873614e-006	9.783206e-002	1.017552e-002
2.285648035587899e-006	9.749354e-002	9.959697e-003
2.288159196302185e-006	9.713098e-002	9.754635e-003
2.290670357016471e-006	9.674440e-002	9.560329e-003
2.293181517730756e-006	9.633380e-002	9.376781e-003
2.295692678445042e-006	9.589917e-002	9.203990e-003
2.298203839159328e-006	9.544051e-002	9.041955e-003
2.300714999873613e-006	9.495782e-002	8.890678e-003
2.306574374873613e-006	9.374046e-002	8.580934e-003
2.309504062373613e-006	9.308402e-002	8.448498e-003
2.312433749873613e-006	9.239605e-002	8.330958e-003
2.315363437373613e-006	9.167677e-002	8.228218e-003
2.318293124873613e-006	9.092642e-002	8.140150e-003
2.321222812373613e-006	9.014527e-002	8.066585e-003
2.324152499873613e-006	8.933357e-002	8.007322e-003
2.327082187373613e-006	8.849160e-002	7.962121e-003
2.330011874873613e-006	8.761965e-002	7.930707e-003
2.332941562373613e-006	8.671801e-002	7.912773e-003
2.335871249873613e-006	8.578698e-002	7.907974e-003
2.338800937373613e-006	8.482689e-002	7.915935e-003
2.341730624873613e-006	8.383806e-002	7.936248e-003
2.344660312373613e-006	8.282082e-002	7.968471e-003
2.347589999873613e-006	8.177552e-002	8.012135e-003
2.350519687373613e-006	8.070250e-002	8.066738e-003
2.353449374873613e-006	7.960214e-002	8.131752e-003
2.356379062373613e-006	7.847482e-002	8.206619e-003
2.359308749873613e-006	7.732090e-002	8.290756e-003
2.362238437373613e-006	7.614078e-002	8.383553e-003
2.365168124873613e-006	7.493486e-002	8.484380e-003
2.368097812373613e-006	7.370355e-002	8.592580e-003
2.371027499873613e-006	7.244727e-002	8.707477e-003
2.373957187373613e-006	7.116644e-002	8.828373e-003
2.376886874873613e-006	6.986149e-002	8.954554e-003
2.379816562373613e-006	6.853288e-002	9.085286e-003
2.382746249873612e-006	6.718104e-002	9.219822e-003
2.385675937373612e-006	6.580644e-002	9.357400e-003
2.388605624873612e-006	6.440954e-002	9.497245e-003
2.391535312373612e-006	6.299082e-002	9.638570e-003
2.394464999873612e-006	6.155076e-002	9.780582e-003
2.397394687373612e-006	6.008983e-002	9.922476e-003
2.400324374873612e-006	5.860855e-002	1.006345e-002
2.403254062373612e-006	5.710741e-002	1.020267e-002
2.406183749873612e-006	5.558692e-002	1.033935e-002
2.409113437373612e-006	5.404760e-002	1.047265e-002
2.412043124873612e-006	5.248995e-002	1.060176e-002
2.414972812373612e-006	5.091453e-002	1.072586e-002
2.417902499873612e-006	4.932185e-002	1.084415e-002
2.420832187373612e-006	4.771247e-002	1.095582e-002
2.423761874873612e-006	4.608691e-002	1.106006e-002
2.426691562373612e-006	4.444574e-002	1.115610e-002
2.429621249873612e-006	4.278951e-002	1.124316e-002
2.432550937373612e-006	4.111878e-002	1.132046e-002
2.435480624873612e-006	3.943412e-002	1.138726e-002
2.438410312373612e-006	3.773610e-002	1.144281e-002
2.441339999873612e-006	3.602529e-002	1.148640e-002
2.444269687373612e-006	3.430227e-002	1.151732e-002
2.447199374873612e-006	3.256763e-002	1.153489e-002
2.450129062373612e-006	3.082195e-002	1.153846e-002
2.453058749873612e-006	2.906584e-002	1.152738e-002
2.455988437373612e-006	2.729987e-002	1.150103e-002
2.458918124873612e-006	2.552465e-002	1.145884e-002
2.464777499873612e-006	2.194888e-002	1.132469e-002
2.470636874873611e-006	1.834336e-002	1.112076e-002
2.479425937373611e-006	1.289000e-002	1.067618e-002
2.488214999873611e-006	7.397342e-003	1.005632e-002
2.497004062373611e-006	1.882132e-003	9.253888e-003
2.505793124873611e-006	-3.638816e-003	8.264586e-003
2.514582187373611e-006	-9.148670e-003	7.087270e-003
2.523371249873611e-006	-1.463063e-002	5.724019e-003
2.529230624873611e-006	-1.826152e-002	4.714386e-003
2.535089999873611e-006	-2.186766e-002	3.626791e-003
2.540949374873611e-006	-2.544416e-002	2.464236e-003
2.543879062373611e-006	-2.721978e-002	1.855954e-003
2.546808749873611e-006	-2.898618e-002	1.230334e-003
2.549738437373611e-006	-3.074275e-002	5.879206e-004
2.552668124873610e-006	-3.248891e-002	-7.070723e-005
2.555597812373610e-006	-3.422406e-002	-7.449346e-004
2.561457187373610e-006	-3.765899e-002	-2.137561e-003
2.567316562373610e-006	-4.104289e-002	-3.584384e-003
2.573175937373610e-006	-4.437116e-002	-5.079333e-003
2.579035312373610e-006	-4.763930e-002	-6.615887e-003
2.584894687373610e-006	-5.084287e-002	-8.187111e-003
2.587824374873610e-006	-5.241909e-002	-8.983454e-003
2.590754062373610e-006	-5.397754e-002	-9.785700e-003
2.593683749873610e-006	-5.551770e-002	-1.059288e-002
2.596613437373610e-006	-5.703906e-002	-1.140403e-002
2.602472812373610e-006	-6.002327e-002	-1.303420e-002
2.611261874873610e-006	-6.434584e-002	-1.548387e-002
2.617121249873610e-006	-6.711936e-002	-1.710780e-002
2.622980624873610e-006	-6.980191e-002	-1.871457e-002
2.628839999873610e-006	-7.238987e-002	-2.029573e-002
2.631769687373610e-006	-7.364727e-002	-2.107407e-002
2.634699374873610e-006	-7.487971e-002	-2.184285e-002
2.637629062373609e-006	-7.608679e-002	-2.260105e-002
2.640558749873609e-006	-7.726808e-002	-2.334761e-002
2.646418124873609e-006	-7.955174e-002	-2.480183e-002
2.655207187373609e-006	-8.277415e-002	-2.687097e-002
2.661066562373609e-006	-8.478279e-002	-2.816444e-002
2.666925937373609e-006	-8.667654e-002	-2.938063e-002
2.672785312373609e-006	-8.845282e-002	-3.051268e-002
2.675714999873609e-006	-8.929615e-002	-3.104512e-002
2.681574374873609e-006	-9.089176e-002	-3.203901e-002
2.690363437373609e-006	-9.305359e-002	-3.334190e-002
2.699152499873609e-006	-9.493171e-002	-3.440434e-002
2.701663660587894e-006	-9.541564e-002	-3.466226e-002
2.704174821302180e-006	-9.587556e-002	-3.489850e-002
2.706685982016466e-006	-9.631145e-002	-3.511308e-002
2.709197142730751e-006	-9.672333e-002	-3.530600e-002
2.711708303445037e-006	-9.711118e-002	-3.547726e-002
2.714219464159323e-006	-9.747501e-002	-3.562685e-002
2.716730624873609e-006	-9.781482e-002	-3.575478e-002
2.719241785587894e-006	-9.813018e-002	-3.586005e-002
2.721752946302180e-006	-9.842096e-002	-3.594271e-002
2.724264107016466e-006	-9.868714e-002	-3.600276e-002
2.726775267730751e-006	-9.892873e-002	-3.604019e-002
2.729286428445037e-006	-9.914573e-002	-3.605502e-002
2.731797589159323e-006	-9.933814e-002	-3.604722e-002
2.734308749873608e-006	-9.950595e-002	-3.601682e-002
2.740168124873608e-006	-9.980080e-002	-3.585749e-002
2.746027499873608e-006	-9.996039e-002	-3.557544e-002
2.754816562373608e-006	-9.994575e-002	-3.492554e-002
2.763605624873608e-006	-9.962638e-002	-3.401054e-002
2.772394687373608e-006	-9.900329e-002	-3.284154e-002
2.781183749873608e-006	-9.807833e-002	-3.143283e-002
2.789972812373608e-006	-9.685436e-002	-2.980173e-002
2.798761874873608e-006	-9.533509e-002	-2.796835e-002
2.807550937373607e-006	-9.352516e-002	-2.595522e-002
2.816339999873607e-006	-9.143009e-002	-2.378700e-002
2.825129062373607e-006	-8.905626e-002	-2.149012e-002
2.833918124873607e-006	-8.641092e-002	-1.909230e-002
2.842707187373607e-006	-8.350212e-002	-1.662224e-002
2.851496249873607e-006	-8.033874e-002	-1.410909e-002
2.860285312373607e-006	-7.693041e-002	-1.158203e-002
2.869074374873607e-006	-7.328755e-002	-9.069874e-003
2.877863437373607e-006	-6.942123e-002	-6.600575e-003
2.883722812373607e-006	-6.672534e-002	-4.991440e-003
2.889582187373606e-006	-6.393903e-002	-3.420780e-003
2.895441562373606e-006	-6.106607e-002	-1.895745e-003
2.898371249873606e-006	-5.959831e-002	-1.152456e-003
2.901300937373606e-006	-5.811035e-002	-4.230601e-004
2.904230624873606e-006	-5.660271e-002	2.916745e-004
2.907160312373606e-006	-5.507588e-002	9.910113e-004
2.910089999873606e-006	-5.353039e-002	1.674246e-003
2.913019687373606e-006	-5.196676e-002	2.340710e-003
2.915949374873606e-006	-5.038553e-002	2.989766e-003
2.918879062373606e-006	-4.878722e-002	3.620815e-003
2.921808749873606e-006	-4.717238e-002	4.233294e-003
2.924738437373606e-006	-4.554156e-002	4.826677e-003
2.927668124873606e-006	-4.389531e-002	5.400477e-003
2.930597812373606e-006	-4.223418e-002	5.954246e-003
2.933527499873606e-006	-4.055875e-002	6.487574e-003
2.936457187373606e-006	-3.886957e-002	7.000093e-003
2.939386874873606e-006	-3.716722e-002	7.491474e-003
2.942316562373606e-006	-3.545228e-002	7.961429e-003
2.945246249873606e-006	-3.372532e-002	8.409712e-003
2.948175937373606e-006	-3.198694e-002	8.836119e-003
2.951105624873606e-006	-3.023771e-002	9.240488e-003
2.954035312373606e-006	-2.847825e-002	9.622697e-003
2.956964999873606e-006	-2.670913e-002	9.982665e-003
2.959894687373606e-006	-2.493096e-002	1.032036e-002
2.962824374873606e-006	-2.314435e-002	1.063578e-002
2.965754062373606e-006	-2.134989e-002	1.092897e-002
2.968683749873606e-006	-1.954820e-002	1.120003e-002
2.971613437373606e-006	-1.773989e-002	1.144907e-002
2.974543124873605e-006	-1.592556e-002	1.167627e-002
2.977472812373605e-006	-1.410584e-002	1.188184e-002
2.980402499873605e-006	-1.228134e-002	1.206602e-002
2.983332187373605e-006	-1.045268e-002	1.222910e-002
2.986261874873605e-006	-8.620473e-003	1.237141e-002
2.989191562373605e-006	-6.785348e-003	1.249330e-002
2.992121249873605e-006	-4.947924e-003	1.259519e-002
2.995050937373605e-006	-3.108823e-003	1.267749e-002
2.997980624873605e-006	-1.268691e-003	1.274212e-002
3.000000000000000e-006	-7.347881e-017	1.277793e-002
